ocotillo/.ipynb_checkpoints/dem1000-checkpoint.txt
ncols         351
nrows         384
xllcorner     -2258880.3543759
yllcorner     92900.617944095
cellsize      1000
NODATA_value  -9999
[rows 120 to 149 of 384, columns 68 to 135 of 351]
-9999 -9999 -9999 -9999 -9999 -9999 -9999 -9999 -9999 435.3462 471.3841 517.8245 707.5195 904.9048 1030.255 997.5987 992.0103 1401.243 1595.286 1674.583 1523.304 1454.356 1468.186 1177.457 1007.278 1014.949 1133.181 1190.146 962.0623 809.897 1015.992 1301.271 1361.343 1234.168 1101.212 1102.569 905.5018 706.9506 968.0483 879.2993 949.2036 986.9328 943.0793 876.4086 982.5785 1026.071 995.2217 1000.702 1073.308 1269.077 1333.5 1238.385 1178.551 1143.903 1127.127 1091.814 945.9067 1177.265 1252.831 1060.103 1022.415 1128.443 1322.956 1415.908 1617.77 1538.523 1498.402 1397.554
-9999 -9999 -9999 -9999 -9999 -9999 -9999 -9999 -9999 430.3939 491.4487 596.8227 735.5746 846.8218 1099.853 1136.526 1178.735 1126.101 1339.868 1591.845 1613.154 1612.798 1463.325 1164.521 1051.95 877.0667 933.5549 1156.596 907.1195 809.9009 883.5427 1173.077 1539.656 1468.938 1343.166 1095.946 919.379 811.7141 725.1575 776.8618 934.6944 1105.329 1175.275 1151.497 1024.01 1006.206 1053.616 1031.143 1173.506 1361.825 1451.504 1432.877 1343.606 1265.417 1068.407 949.5449 1096.977 1213.052 1278.469 1071.294 1062.362 1243.116 1323.123 1513.195 1626.776 1405.988 1454.245 1363.788
-9999 -9999 -9999 -9999 -9999 -9999 -9999 -9999 -9999 475.6717 456.5119 641.4514 809.3483 970.496 1184.922 1409.81 1398.943 1438.04 1468.667 1517.638 1285.162 1449.646 1480.757 1440.04 1160.853 867.5782 915.486 1078.67 880.7226 810.6173 847.1954 1056.582 1465.755 1671.716 1499.732 1236.596 1114.201 1019.157 732.6147 986.7933 1024.412 1015.578 1286.115 1208.2 1126.428 1006.288 1234.014 1158.152 1165.844 1469.523 1470.15 1624.932 1492.537 1344.248 1094.44 1182.7 1084.411 1197.453 1157.882 1011.217 1144.691 1330.201 1268.922 1392.396 1512.752 1439.226 1299.357 1156.141
-9999 -9999 -9999 -9999 -9999 -9999 -9999 -9999 -9999 505.3059 526.2875 688.2386 816.9824 829.7991 1068.739 1296.171 1576.84 1495.833 1567.656 1291.702 1330.336 1216.967 1408.305 1428.819 1122.754 886.2008 947.4329 1066.337 1040.1 901.7248 809.897 1002.631 1271.456 1664.425 1588.375 1481.898 1220.893 988.8068 730.3424 1173.661 1198.479 1228.255 1250.843 1339.357 1247.45 1200.432 1248.886 1321.085 1344.145 1413.098 1612.737 1750.918 1465.054 1277.989 1146.755 1263.127 1163.038 1224.677 1048.803 1083.239 1141.369 1346.557 1295.618 1383.183 1411.587 1360.957 1258.212 1303.167
-9999 -9999 -9999 -9999 -9999 -9999 -9999 -9999 -9999 565.2697 498.6715 538.5077 581.077 801.1926 1058.882 1165.675 1488.533 1537.04 1576.253 1384.191 1125.412 1139.599 1165.08 1284.089 1095.401 931.9509 910.4636 1117.248 1151.296 972.1916 810.3748 913.5648 1114.396 1415.445 1556.355 1575.209 1269.295 1001.382 831.626 1015.426 1225.404 1248.804 1281.32 1277.634 1361.257 1306.757 1303.404 1503.76 1415.307 1511.713 1666.702 1578.076 1545.774 1492.433 1434.135 1311.877 1201.373 1149.908 1046.069 1098.271 1112.802 1184.262 1218.609 1417.972 1167.58 1123.003 1260.761 1049.536
-9999 -9999 -9999 -9999 -9999 -9999 -9999 -9999 -9999 521.5496 316.1818 503.2678 597.8253 739.4261 887.123 1055.366 1331.065 1308.564 1463.777 1484.416 1417.749 1040.361 1148.56 1291.682 993.0076 1066.145 929.9532 1077.929 1094.459 834.4282 829.2646 872.4025 922.9587 1141.608 1315.8 1612.658 1347.606 1140.893 918.7149 865.3512 1140.019 1223.174 1142.687 1183.029 1244.296 1409.532 1447.689 1499.857 1610.771 1644.418 1595.398 1531.368 1624.131 1460.937 1324.069 1154.792 1129.261 1040.376 1119.541 1131.172 1192.207 1166.288 1239.907 1362.034 1024.211 1043.693 1266.116 1097.888
-9999 -9999 -9999 -9999 -9999 -9999 -9999 -9999 -9999 326.912 311.3025 524.2036 642.7721 850.7142 1020.131 1170.974 1286.798 1262.295 1346.385 1572.982 1538.428 1208.562 949.1859 1055.412 921.8868 1133.68 997.5366 1027.266 1082.834 906.6219 1023.993 880.1217 809.922 900.6684 1218.194 1473.377 1492.306 1258.379 1002.305 786.5068 902.6588 1148.02 1162.809 1056.082 1245.223 1363.708 1269.451 1364.79 1476.962 1624.759 1603.255 1478.269 1463.107 1319.505 1289.771 1188.849 1224.532 1207.563 1102.128 1113.241 1125.514 1179.458 1118.859 1061.365 1088.459 1318.466 1344.734 1344.449
-9999 -9999 -9999 -9999 -9999 -9999 -9999 -9999 -9999 157.0479 320.7129 483.7094 610.6163 727.418 885.0911 1054.563 939.0947 953.9302 1346.227 1644.173 1534.06 1178.016 1074.772 999.2183 1086.125 1054.233 935.6904 948.3177 1143.637 964.8869 1091.03 1016.075 830.8925 876.6532 946.1509 1376.342 1563.174 1365.814 1035.773 899.1895 817.6124 1083.546 937.4456 1090.53 1139.386 1213.139 1039.007 1211.337 1327.944 1582.484 1580.655 1469.406 1363.882 1258.582 1183.265 1186.561 1169.076 1278.879 1199.905 1311.3 1202.877 1218.371 948.4014 998.5995 923.7288 1071.237 1058.363 1237.82
-9999 -9999 -9999 -9999 -9999 -9999 -9999 -9999 -9999 178.0797 322.7218 398.1801 533.07 649.6691 750.6855 821.3199 649.7478 934.7773 1143.611 1593.105 1448.074 1356.914 1097.592 1188.764 1136.939 948.7811 1011.842 954.4663 1024.829 1119.146 1256.562 1061.645 866.4645 817.5224 920.7453 1273.469 1591.579 1456.721 1262.611 901.9656 843.6982 862.8542 1094.268 1052.399 1055.819 962.6929 1069.126 1321.863 1416.25 1472.602 1555.586 1565.876 1480.601 1333.849 1199.196 1206.066 1279.422 1362.117 1217.89 1289.755 1165.937 1089.539 958.0181 918.2759 886.8842 946.8432 1030.811 1081.417
-9999 -9999 -9999 -9999 -9999 -9999 -9999 -9999 -9999 94.76415 227.2311 325.0148 470.3281 511.9786 558.0651 474.3556 901.0861 983.9321 1188.396 1580.199 1615.276 1349.174 1221.578 1257.533 1087.737 939.7897 1037.365 959.4185 999.6281 1096.194 1400.541 1066.183 876.7823 845.6846 901.7018 1187.214 1561.048 1575.679 1324.519 1162.23 1032.844 757.7397 985.327 1085.452 989.8283 867.5379 1093.646 1263.205 1267.185 1419.322 1596.091 1580.333 1537.505 1358.949 1239.157 1350.98 1411.719 1378.85 1273.89 1102.899 1081.951 973.1728 909.5841 877.6183 812.4628 918.8531 853.1312 944.1224
-9999 -9999 -9999 -9999 -9999 -9999 -9999 -9999 -9999 229.7894 117.8312 300.2097 352.1704 365.9562 368.5685 608.5953 772.0013 1058.364 1321.557 1499.202 1537.241 1537.361 1551.426 1200.707 1081.666 939.9778 1089.713 954.9969 1029.91 1117.053 1397.436 973.1487 964.6346 840.2924 929.7781 1130.091 1514.835 1662.275 1411.502 1356.589 1118.002 845.2472 777.4592 796.869 987.5933 921.063 1130.702 1237.225 1365.324 1453.223 1665.293 1404.213 1398.256 1326.416 1329.694 1213.311 1385.601 1300.661 1200.721 1124.996 934.5359 950.1119 981.1531 836.1558 872.2865 857.5956 844.3146 904.8396
-9999 -9999 -9999 -9999 -9999 -9999 -9999 -9999 -9999 265.684 339.9824 135.6289 193.4007 328.8874 470.0984 746.1689 928.9495 1172.92 1238.31 1338.146 1385.112 1591.673 1277.08 1303.261 1085.824 920.5989 1138.446 967.8827 1174.051 1162.878 1197.116 972.0895 944.9756 858.6166 873.1803 1160.624 1485.821 1759.078 1555.706 1438.598 1310.722 1091.434 974.2037 1071.136 1072.383 1149.706 1191.411 1302.021 1536.388 1653.435 1576.691 1507.038 1320.022 1328.994 1196.227 1309.374 1200.115 1148.381 1127.668 1079.427 1047.526 1065.573 860.9093 865.8668 796.041 777.8395 775.0807 817.2714
-9999 -9999 -9999 -9999 -9999 -9999 -9999 -9999 -9999 308.6486 302.0437 180.0732 330.1836 389.0507 573.0033 855.4252 1041.243 1096.34 1194.564 1178.763 1229.695 1478.73 1264.533 1044.751 941.2357 928.1901 1011.668 1018.383 1128.634 1209.266 1274.438 1207.762 979.3983 825.7708 848.3691 1107.678 1441.753 1656.219 1650.351 1560.575 1376.577 1031.011 820.2805 1026.788 1145.518 1164.837 1146.838 1307.936 1334.081 1496.908 1454.878 1447.887 1454.001 1439.219 1253.973 1439.53 1249.96 1347.694 1108.641 976.8924 1080.864 1000.973 1165.219 1035.764 961.9821 1059.783 819.8054 1036.294
-9999 -9999 -9999 -9999 -9999 -9999 -9999 -9999 -9999 286.5815 323.5817 209.7027 301.4677 560.6891 716.3536 848.8111 828.3676 907.4122 935.3383 971.9985 1221.474 1365.713 1303.779 1201.334 1004.991 889.7634 845.8717 883.8954 1018.355 953.5282 1131.158 1031.321 949.4872 907.9058 899.694 1105.482 1425.96 1728.91 1722.308 1620.558 1257.751 985.4512 1110.768 867.302 1115.75 1045.098 1117.516 1065.154 1233.836 1422.172 1274.849 1310.152 1421.784 1516.671 1471.357 1575.238 1410.105 1344.406 1376.159 1194.51 939.5216 1096.494 1020.719 1111.654 1116.005 1118.75 1020.051 1056.19
-9999 -9999 -9999 -9999 -9999 -9999 -9999 -9999 -9999 383.522 293.0763 265.7448 449.6766 518.3423 676.7363 763.2781 673.7361 702.7538 658.9091 939.1915 1210.345 1329.892 1467.088 1284.164 1045.895 859.8757 885.694 844.7569 1017.858 933.1575 1112.567 917.921 926.5823 831.8661 858.5444 937.707 1316.793 1618.889 1812.233 1625.939 1413.286 1310.193 1254.639 1019.051 819.5774 923.6532 1123.193 1235.404 1329.201 1408.268 1179.167 1358.242 1326.936 1536.031 1535.402 1525.944 1403.142 1182.977 1243.512 1141.907 942.9962 818.6083 870.0002 1130.843 1095.746 973.2621 911.3965 965.282
-9999 -9999 -9999 -9999 -9999 -9999 -9999 -9999 -9999 280.7293 307.3138 180.1657 217.1528 316.1378 634.3053 698.4304 456.3495 608.9058 829.597 985.3997 1202.912 1248.021 1251.76 1109.01 881.0513 699.8724 848.8893 884.2193 1096.165 802.9692 1066.035 936.5548 1108.885 864.5403 936.6523 928.9362 1128.988 1440.28 1704.214 1739.547 1572.349 1408.413 1319.773 974.3532 999.9828 856.0197 1146.511 1254.607 1294.005 1334.716 1181.622 1225.296 1293.562 1460.591 1588.879 1517.15 1344.967 1193.148 1023.878 949.189 863.4255 847.8532 786.613 918.1932 756.0427 813.0026 861.7951 858.8757
-9999 -9999 -9999 -9999 -9999 -9999 -9999 -9999 -9999 119.9543 193.3192 293.8959 373.5079 413.2504 288.8943 478.5725 513.9844 795.3459 758.3709 960.2678 1091.019 1213.237 1158.465 947.9095 922.6854 857.8039 736.2824 766.6321 938.0786 771.2355 917.5268 1239.156 1079.325 915.408 953.9138 1038.359 1186.656 1322.62 1477.532 1614.839 1708.782 1523.956 1340.066 957.2513 1155.595 968.5939 878.7283 1075.449 1328.462 1338.683 1156.667 1199.631 1287.432 1404.472 1643.113 1387.54 1210.885 1297.869 1192.856 1163.704 1080.885 1082.736 928.4412 861.2373 693.6334 642.8257 765.7268 640.551
-9999 -9999 -9999 -9999 -9999 -9999 -9999 -9999 -9999 87.678 279.5403 368.5147 545.5078 698.5689 630.3506 460.5793 393.8463 525.2277 717.2234 862.9868 1024.603 1204.397 1130.539 1184.551 1002.805 843.5724 687.1712 664.3289 847.6355 785.0422 889.5674 1092.099 903.8918 857.2018 839.1689 1093.665 1269.942 1052.18 1275.113 1257.758 1485.302 1525.63 1337.856 1016.945 1307.891 1082.892 837.0045 1015.612 1239.157 1231.103 1074.174 1208.313 1269.419 1323.134 1574.189 1489.887 1382.959 1453.82 1254.786 1215.709 1224.138 1148.463 1238.413 1074.493 1015.286 804.4158 655.5494 804.9205
-9999 -9999 -9999 -9999 -9999 -9999 -9999 -9999 -9999 139.6569 353.5085 491.8902 640.472 754.8832 811.4326 649.3116 413.9514 666.8194 773.803 901.4843 1024.293 1117.417 1053.714 1000.735 868.9595 809.6722 825.6421 724.3465 671.8593 881.8911 1038.724 1112.521 1094.18 939.9398 878.3163 901.3661 1186.76 1122.523 1055.919 1095.572 1373.253 1263.181 1173.06 1101.286 1317.878 1051.489 1109.421 865.6504 1055.387 1239.616 1006.249 1118.529 1177.151 1346.202 1485.46 1543.023 1595.5 1472.352 1401.954 1510.397 1399.665 1316.699 1479.003 1268.94 1007.242 724.7927 906.8622 1189.817
-9999 -9999 -9999 -9999 -9999 -9999 -9999 -9999 -9999 216.6855 420.4241 612.0044 751.4667 1053.823 826.5148 725.9009 499.4423 700.2842 888.8352 986.5458 1045.497 1085.479 1032.753 975.9731 936.4822 895.7795 840.407 785.9387 733.19 884.943 985.3474 1075.437 947.8591 942.1412 874.5789 1095.799 1003.668 974.231 1121.563 1194.632 1340.591 1307.559 1218.526 1155.954 1159.74 937.8945 1304.583 1066.947 903.285 941.5909 1048.323 1196.473 1267.412 1336.199 1382.405 1621.122 1719.855 1587.686 1669.894 1684.545 1374.458 1066.322 1141.508 933.3997 976.657 759.6896 884.567 1259.12
-9999 -9999 -9999 -9999 -9999 -9999 -9999 -9999 -9999 337.0574 453.1838 609.5703 774.5923 912.4089 797.6737 590.0385 727.6907 778.3414 893.9012 1025.785 997.0973 1024.249 992.0034 886.2346 806.121 844.1122 682.1564 602.7103 781.9497 805.2012 928.1147 1042.756 930.9924 949.446 847.4567 1022.909 908.6738 1042.649 1019.519 1147.608 1265.038 1256.819 1274.216 1325.219 1227.77 1048.771 1230.867 1270.607 1017.484 1082.506 1104.226 1041.347 1241.542 1256.877 1504.495 1603.984 1548.775 1728.449 1650.729 1350.732 1320.95 1200.459 1120.916 1094.129 882.7141 820.6902 891.6946 914.1364
-9999 -9999 -9999 -9999 -9999 -9999 -9999 -9999 -9999 209.933 323.806 499.5935 770.2607 951.7127 883.6341 725.7034 724.5786 903.1714 984.0052 1038.119 962.3874 941.8457 940.8984 751.9888 892.9136 791.0742 730.0488 681.8174 809.2579 846.0281 935.6336 922.1492 1041.128 927.5327 914.5675 1003.231 881.7453 1118.489 1200.608 1082.817 1021.065 1034.344 1200.873 1266.768 1183.204 1259.19 1176.989 1212.716 1000.402 1205.57 1214.612 1017.224 1111.068 1233.795 1366.132 1468.651 1429.243 1635.325 1700.483 1537.882 1386.376 1375.198 1404.552 1082.36 912.6378 911.2383 1136.306 1133.066
-9999 -9999 -9999 -9999 -9999 -9999 -9999 -9999 -9999 174.5674 306.0441 496.8357 826.8093 1088.731 1088.081 855.7111 864.6766 961.3169 1103.568 1075.935 920.4182 852.5213 790.9164 733.5612 762.5106 788.8298 628.5262 676.9413 677.702 793.6462 815.2525 876.9103 1099.303 987.2353 1030.028 858.8068 885.9169 952.9281 1062.984 1181.36 1062.385 1190.799 1279.748 1504.629 1328.799 1286.174 1264.072 1186.531 1042.57 1176.775 1386.723 1238.836 987.9466 1261.924 1135.697 1251.105 1273.68 1469.975 1510.387 1692.649 1343.881 1580.014 1264.055 1140.147 1050.563 900.5104 1147.087 1224.891
-9999 -9999 -9999 -9999 -9999 -9999 -9999 -9999 -9999 178.3208 321.1808 524.237 751.4984 839.6788 970.0804 954.6608 902.7701 929.2963 1006.857 1038.028 963.1166 843.4282 900.7611 763.4055 754.8205 759.5948 709.1308 724.4904 774.691 729.3746 844.1929 875.9759 1127.999 1007.672 1005.987 899.862 877.5812 914.9298 982.9797 1140.627 1046.935 1093.174 1201.382 1265.15 1401.846 1520.758 1253.527 1155.136 1038.909 1119.664 1384.661 1223.876 1089.211 1147.962 1172.157 1120.078 1374.33 1322.333 1452.879 1585.581 1636.154 1485.507 1456.01 1208.416 959.6441 1428.102 1369.384 1299.437
-9999 -9999 -9999 -9999 -9999 -9999 -9999 -9999 -9999 186.7915 240.9224 401.0198 589.7145 682.2079 821.3052 808.7062 807.5645 773.2003 876.8889 946.4633 900.2203 912.1443 923.5984 758.3343 734.4191 712.4908 736.7224 567.5547 791.4832 835.2536 831.3172 855.5884 1160.402 1017.962 932.4117 917.5722 936.3716 872.6925 1093.103 942.7491 946.6343 981.7336 1177.916 1425.559 1370.494 1461.657 1311.365 1178.437 1146.73 1040.687 1335.194 1337.354 1337.766 1449.016 1458.706 1427.018 1396.504 1508.04 1370.288 1558.504 1442.334 1213.688 1146.972 1076.611 1155.077 1412.594 1547.291 1209.847
-9999 -9999 -9999 -9999 -9999 -9999 -9999 -9999 -9999 254.3954 234.9686 205.6166 313.9495 562.7045 639.8731 682.7784 660.0164 680.5197 773.4292 941.3571 965.9751 989.1218 784.0259 761.5716 750.5903 885.6411 733.2911 561.9114 725.9244 857.8279 846.9253 898.5627 1060.533 972.9556 1064.411 1025.59 929.9586 908.7949 1018.98 945.6541 1204.289 1109.787 1134.715 1351.576 1309.142 1422.977 1138.379 1209.788 1129.784 1028.094 1179.253 1444.406 1571.255 1589.944 1779.271 1746.376 1792.537 1636.657 1626.681 1606.219 1320.132 1427.958 1354.707 1261.457 1439.47 1439.507 1360.873 1139.355
-9999 -9999 -9999 -9999 -9999 -9999 -9999 -9999 -9999 204.7573 319.8146 228.5787 219.1186 386.3822 514.4734 436.9016 481.8555 548.6136 642.2314 673.5174 842.3678 929.0593 764.9694 746.2383 731.0907 777.0378 731.6259 583.6068 800.369 798.4387 759.4361 806.0178 945.0217 1008.654 1075.017 1057.75 939.0855 1014.921 922.6439 1019.768 1007.567 1040.394 1344.016 1255.212 1474.013 1344.664 1163.04 1084.222 1045.985 997.5338 1135.329 1298.351 1664.305 1843.978 2167.134 2102.376 2075.116 1743.915 1767.761 1581.287 1448.34 1476.591 1574.107 1431.948 1565.018 1456.805 1204.181 1106.532
-9999 -9999 -9999 -9999 -9999 -9999 -9999 -9999 -9999 319.8119 480.8211 351.0449 176.4694 175.2217 257.165 297.0999 453.1166 433.8524 569.0803 576.4451 731.969 957.7366 857.554 790.5018 795.595 688.4851 712.0825 627.0867 797.6967 689.5013 789.3536 932.0872 889.4528 1025.929 1175.57 1135.245 973.2868 923.6262 897.9992 1008.871 1111.028 1137.862 1197.438 1340.104 1247.042 1537.137 1483.229 1336.912 1078.346 1195.059 1010.587 1328.312 1416.294 1565.769 1810.334 1949.46 2176.829 1876.325 1975.857 1830.824 1561.741 1506.482 1735.33 1610.609 1661.178 1492.226 1246.353 1151.837
-9999 -9999 -9999 -9999 -9999 -9999 -9999 -9999 -9999 498.7096 579.8362 494.2457 308.0498 146.1846 325.3409 461.0453 564.6125 629.8813 717.1208 748.0686 651.858 883.2614 757.5518 731.7427 798.572 771.7515 848.3407 725.5596 555.2272 763.1307 887.3973 1083.187 928.386 1138.717 1114.294 971.3438 925.5442 1022.083 940.8151 1024.294 1026.161 1214.79 1147.533 1355.067 1287.396 1482.81 1318.791 1189.176 1184.995 1373.975 1254.754 1107.007 1386.819 1580.21 1515.472 1666.756 1965.616 2182.701 2171.112 2137.513 1773.667 1704.902 1755.564 1887.344 1693.485 1547.902 1382.772 1443.402
-9999 -9999 -9999 -9999 -9999 -9999 -9999 -9999 -9999 695.174 642.7268 456.6099 242.557 251.0143 478.3413 627.7446 755.8892 841.2453 910.2445 817.9333 649.115 859.8192 810.3225 738.3542 704.6974 772.6754 755.6857 798.8168 600.3338 807.2546 1054.571 1073.207 1056.139 1265.605 1024.019 1072.207 1028.331 1153.278 964.3873 976.3111 1173.967 1274.761 1190.465 1427.296 1362.119 1291.678 1211.708 1233.501 1217.808 1544.854 1215.607 1253.382 1151.241 1349.616 1355.964 1517.285 1745.546 1950.182 2329.35 2009.75 1990.927 1930.171 1694.61 1625.561 1637.319 1665.789 1575.346 1497.001
