ocotillo/.ipynb_checkpoints/dem1000-checkpoint.txt
ncols         351
nrows         384
xllcorner     -2258880.3543759
yllcorner     92900.617944095
cellsize      1000
NODATA_value  -9999
[rows 90 to 119 of 384, columns 68 to 135 of 351]
-9999 -9999 -9999 -9999 -9999 -9999 -9999 -9999 -9999 728.3583 865.7819 967.1573 1102.238 1117.912 1181.5 1275.794 1144.8 928.2179 822.9042 713.5239 844.3574 1092.242 1191.562 1232.115 963.5878 918.8563 1232.557 1583.082 1656.713 1443.231 1149.396 835.4293 615.4701 577.824 540.1007 403.8692 398.4189 515.8388 583.4146 597.0753 583.1472 476.8582 459.8273 621.6305 737.6451 826.4922 641.7242 752.1265 924.4473 910.2714 906.1417 887.0306 1205.297 1368.422 1701.106 1771.902 1611.669 1356.929 1238.115 1296.88 1138.383 1263.076 1097.453 1196.372 1239.678 999.9539 843.9109 804.9769
-9999 -9999 -9999 -9999 -9999 -9999 -9999 -9999 -9999 597.3359 739.1929 872.4487 995.9249 933.5229 1085.049 1198.64 1221.541 1194.918 929.5833 684.0225 749.9915 918.125 1048.663 1181.15 966.9322 933.1534 1071.662 1493.965 1652.033 1415.364 1158.451 903.8416 626.6112 886.2026 694.2022 484.0963 480.7277 645.3727 678.1093 706.1578 770.3605 696.0334 583.4507 516.2204 642.5723 817.5769 664.6223 572.7854 945.0866 922.8599 1030.951 1185.485 1221.381 1483.711 1602.105 1582.208 1748.808 1449.599 1229.543 1148.286 1058.725 1179.223 1185.373 1526.015 1340.696 1071.615 1228.229 799.0056
-9999 -9999 -9999 -9999 -9999 -9999 -9999 -9999 -9999 452.8837 505.3243 602.7264 767.2117 925.9527 1003.717 1110.788 1079.158 1184.697 1050.085 898.76 631.1741 936.9286 1076.731 1004.399 928.0999 971.6259 1076.555 1445.608 1630.958 1414.133 1147.21 879.1487 669.4465 1015.825 782.6326 541.5727 565.6708 638.7335 797.1288 917.2382 900.1398 735.9242 824.2455 643.082 585.0884 600.8546 788.8826 636.5075 642.951 932.5823 893.7766 1113.734 1230.621 1118.544 1359.276 1383.79 1358.916 1374.066 1267.842 1103.977 1019.671 1222.907 1327.115 1333.483 1525.174 1351.82 1257.564 1137.341
-9999 -9999 -9999 -9999 -9999 -9999 -9999 -9999 -9999 366.9951 372.2842 372.664 584.6444 816.4573 903.851 1000.037 1052.418 945.427 926.8215 965.5142 664.0013 920.9733 1172.078 1043.683 859.1749 1097.684 1272.944 1305.311 1634.063 1409.208 1132.649 949.4636 719.8076 1015.974 707.7898 617.0919 681.631 844.2882 864.0997 977.4901 1122.549 876.277 923.7183 737.3856 760.8202 1037.446 995.1077 781.4631 743.5264 939.259 889.1844 912.0662 955.9678 1358.257 1236.865 1592.017 1325.787 1111.879 1118.955 1000.925 1089.878 1471.406 1537.416 1619.056 1427.955 1094.793 1087.833 1024.571
-9999 -9999 -9999 -9999 -9999 -9999 -9999 -9999 -9999 507.4463 702.4423 448.5913 538.5526 704.1993 1026.767 994.0985 1053.699 959.0224 765.1259 845.6329 725.7147 913.1125 901.5312 1101.351 824.8963 1056.916 1040.653 1273.605 1562.077 1433.089 1158.484 984.0119 878.9352 882.5507 609.2289 437.9195 693.3587 870.8023 1089.396 1053.417 1082.566 1028.67 1001.882 1066.669 943.6641 1056.781 1035.648 835.8992 670.5294 959.988 795.2046 1035.831 990.0494 1279.605 1133.452 1425.123 1226.642 1240.798 928.624 1082.05 1377.798 1340.628 1547.876 1740.318 1224.303 1016.929 784.4711 899.6961
-9999 -9999 -9999 -9999 -9999 -9999 -9999 -9999 -9999 700.3382 688.4251 545.4186 484.9343 730.9162 887.7472 1080.466 1070.546 1063.773 901.4616 665.9041 891.5264 880.1355 737.8732 849.0243 760.0721 989.7408 970.0463 1166.362 1520.905 1407.388 1183.075 943.2853 922.4252 683.6635 572.7303 469.896 655.3857 735.3909 795.8764 1089.752 927.825 1100.913 1045.403 1280.201 1043.545 1257.688 1149.727 775.0356 659.2477 711.9507 864.717 999.2604 1136.093 1336.912 1062.616 1224.608 1227.97 1000.677 975.2833 1055.274 1410.192 1147.002 1280.507 1348.918 1156.1 872.0649 986.2164 782.5223
-9999 -9999 -9999 -9999 -9999 -9999 -9999 -9999 -9999 716.0272 680.4841 725.3279 467.261 593.0922 782.569 959.9594 1109.914 1041 862.9534 682.9107 879.0651 1130.641 1045.126 964.0014 944.2393 818.802 1063.265 1264.651 1399.705 1472.811 1206.096 911.2687 620.5197 464.802 499.5132 559.6946 475.876 705.311 892.934 1081.475 1112.759 1036.395 1114.841 1251.365 1080.597 1021.838 832.767 723.1708 673.0417 664.3391 839.4767 1152.383 992.5209 1175.91 1080.672 1173.614 1291.735 1091.983 948.4171 1368.97 1160.615 1057.396 1253.731 1352.435 1388.468 1188.147 1191.202 986.202
-9999 -9999 -9999 -9999 -9999 -9999 -9999 -9999 -9999 752.9449 819.1042 854.1772 686.2986 608.9457 586.2617 828.6971 1031.539 1103.715 965.3056 812.4909 692.0691 951.9188 1187.944 1244.186 1183.852 1057.277 914.1406 1159.776 1567.098 1426.005 1207.881 909.3403 657.6536 476.55 788.1647 816.7006 807.6506 821.9747 943.7806 1283.868 1324.01 1239.349 1185.117 1174.018 1250.146 1240.948 1014.742 1139.458 878.3693 732.8002 910.3027 991.371 901.9046 944.9655 1187.968 1309.254 1266.545 992.9356 886.588 1230.537 1162.084 1006.564 1129.249 1084.078 1389.694 1181.778 1150.87 1165.395
-9999 -9999 -9999 -9999 -9999 -9999 -9999 -9999 -9999 686.9682 812.6165 924.6212 921.1125 689.3435 605.5779 819.3048 1049.83 1099.785 1073.896 961.3723 831.3756 822.4678 1143.745 1166.984 1217.676 1230.443 1142.742 1220.453 1490.318 1525.638 1273.527 1045.66 748.9651 464.259 870.887 1082.817 883.4084 917.7932 1097.763 1223.836 1303.899 1283.639 1284.581 1230.866 1206.525 1032.298 913.1617 867.4664 713.5709 749.0695 917.2028 892.4029 899.9718 1015.672 1159.681 1031.726 1257.597 1166.792 905.1784 1114.276 1161.433 930.5886 993.4908 1253.427 1151.274 1177.49 1178.758 1148.915
-9999 -9999 -9999 -9999 -9999 -9999 -9999 -9999 -9999 538.4545 709.1516 813.7037 918.2474 737.1796 627.1443 825.5158 850.9507 982.8369 1016.403 974.6704 944.9203 713.8016 921.733 1037.097 1051.68 1195.079 1330.536 1421.114 1636.755 1556.772 1337.967 1105.07 835.7805 458.1711 817.9269 1099.353 1081.286 1024.086 1035.72 1320.592 1294.957 1264.249 1296.507 1199.931 1182.339 978.6234 941.2762 1010.768 980.5496 771.4603 690.4329 819.4641 948.7964 1071.795 1024.266 960.8488 952.988 912.9795 906.0542 957.9225 999.9252 950.7542 1072.844 1243.713 1165.957 1126.817 1023.285 1119.488
-9999 -9999 -9999 -9999 -9999 -9999 -9999 -9999 -9999 426.5501 529.2901 670.1821 762.4715 875.428 757.72 630.6677 733.9904 776.5519 756.0496 755.7974 826.0436 831.5328 785.0096 775.5629 830.1414 960.837 1131.703 1315.738 1682.392 1558.531 1326.365 1099.344 832.2692 468.0699 891.0999 1267.177 1167.795 1229.328 1024.542 1246.991 1360.314 1338.055 1361.9 1315.639 1237.091 1110.704 989.9811 1196.772 1084.356 940.2838 790.9524 824.2923 835.0013 863.8333 841.0256 839.7627 848.6178 800.6286 816.1434 835.3224 822.8069 840.9081 908.3217 1058.989 1026.926 956.6681 1063.848 1121.075
-9999 -9999 -9999 -9999 -9999 -9999 -9999 -9999 -9999 669.0678 760.1185 718.2596 894.6363 985.3681 830.3929 738.2513 880.563 948.3601 868.4383 749.4487 744.8329 829.2621 1033.135 893.9084 816.4131 795.1429 1086.177 1332.524 1671.474 1541.024 1282.751 1004.574 657.4583 517.325 960.8513 1366.684 1324.656 1336.258 1212.484 1237.58 1273.196 1229.93 1277.292 1270.13 1275.748 1222.642 1222.19 1165.517 1043.515 859.8022 696.6041 821.4805 774.1418 774.5565 793.348 767.0618 833.7429 763.4027 790.9341 785.9159 817.8156 816.4525 856.3961 859.2657 870.144 892.908 1058.48 986.587
-9999 -9999 -9999 -9999 -9999 -9999 -9999 -9999 -9999 710.1793 801.9639 863.8055 816.1402 874.0958 831.2385 836.4728 1067.538 1120.534 1051.534 876.2706 910.0715 742.486 888.2721 1112.088 958.0521 824.0139 1038.265 1292.064 1626.297 1554.879 1268.894 1032.192 823.6709 494.9398 873.0403 1132.389 1341.452 1303.808 1336.588 1205.811 1203.766 1195.898 1238.66 1354.733 1371.01 1280.457 1247.447 1082.952 1217.67 957.3302 778.4566 689.8751 718.9581 737.6702 754.86 740.6382 741.3771 744.3793 767.9472 922.5966 789.0407 791.9411 800.1052 795.4249 941.54 1002.126 1000.432 1014.396
-9999 -9999 -9999 -9999 -9999 -9999 -9999 -9999 -9999 862.7502 943.4095 817.8422 769.4806 809.3505 758.3021 842.1614 1118.232 1070.937 1204.02 1026.202 1019.588 875.2853 744.8129 1012.421 1006.606 731.5569 1024.653 1241.676 1597.513 1512.515 1381.514 1135.625 848.3734 497.162 754.9671 872.8625 1246.76 1236.175 1317.458 1223.328 1216.954 1213.9 1299.225 1322.186 1377.739 1330.446 1323.739 1007.021 1077.269 1009.04 737.0405 700.3538 695.4216 699.3546 703.6412 714.7586 803.044 741.5552 769.8624 870.2072 766.2767 761.8497 791.9327 796.0926 964.8258 860.416 902.8987 934.6444
-9999 -9999 -9999 -9999 -9999 -9999 -9999 -9999 -9999 1036.654 1094.768 817.3051 751.0469 799.8105 708.0685 982.689 1173.458 1137.779 1261.489 1168.524 1200.377 992.984 778.7725 785.5571 1002.239 780.8486 882.0095 1125.24 1524.589 1671.858 1445.473 1164.005 929.9118 698.1422 615.3992 770.6855 1273.031 1158.209 1302.14 1278.844 1277.553 1216.828 1224.131 1238.62 1331.079 1476.975 1329.362 1086.608 859.8172 886.5189 735.1268 724.5737 699.7871 706.6873 710.4929 705.8702 713.7596 720.9349 728.6566 744.0749 809.1333 885.265 924.1332 876.7496 850.0115 867.2115 944.0742 1073.823
-9999 -9999 -9999 -9999 -9999 -9999 -9999 -9999 -9999 1234.024 940.2639 887.4431 852.9517 781.8134 767.5295 863.8791 1079.034 1160.921 1258.617 1319.813 1332.98 1114.227 970.5817 754.7654 774.9674 786.7413 946.4104 1158.989 1303.457 1683.77 1489.046 1216.86 981.6968 668.4235 662.7279 974.8929 1051.726 1126.755 1287.472 1314.194 1333.635 1237.549 1218.75 1258.442 1313.137 1428.255 1305.797 1045.94 939.6467 764.9212 722.908 724.5297 721.0702 709.4165 726.0283 750.1967 765.0894 843.7971 962.7928 928.1357 922.4464 973.1061 1268.829 904.2035 912.6652 975.4322 987.8036 1288.001
-9999 -9999 -9999 -9999 -9999 -9999 -9999 -9999 -9999 1121.613 918.9566 909.6799 745.6031 755.414 885.3205 813.8195 928.3282 1080.311 1252.009 1468.17 1397.792 1298.116 1034.494 804.1818 754.8483 787.652 821.0997 917.367 1193.294 1573.669 1481.361 1150.171 945.2666 694.0061 735.1313 909.6774 824.5395 947.9136 1066.186 1245.852 1264.46 1297.647 1261.034 1306.575 1320.655 1319.919 1183.272 1072.354 967.9976 756.1094 780.4022 772.7277 737.183 716.1211 764.4256 945.3705 1004.027 1081.233 1094.179 1231.692 807.6758 1029.956 1146.321 1219.929 975.282 1013.611 1207.062 1415.922
-9999 -9999 -9999 -9999 -9999 -9999 -9999 -9999 -9999 994.5762 968.1832 793.7534 856.2831 876.4985 899.9473 853.2689 864.6133 1039.55 1180.266 1369.12 1508.648 1326.706 1209.947 974.327 763.6978 955.5218 781.0068 966.4956 1184.379 1581.283 1392.238 1036.382 849.6031 545.3785 579.4788 629.6655 615.0061 911.4869 990.6024 1154.383 1254.023 1321.854 1293.214 1389.12 1363.761 1204.417 985.9662 923.4554 919.7314 911.2897 852.7488 910.0096 833.3185 715.9856 1003.976 842.0416 1190.422 1252.329 1362.375 1183.08 886.555 964.1705 1242.664 1284.03 1257.379 1157.554 1191.356 1499.986
-9999 -9999 -9999 -9999 -9999 -9999 -9999 -9999 -9999 964.1384 968.7365 1043.044 993.979 1090.478 861.311 857.6203 808.491 1007.253 1170.722 1280.706 1445.719 1398.361 1096.977 831.3445 768.5983 1003.788 801.952 925.1005 1233.63 1520.876 1372.463 1104.171 810.1473 549.1699 874.3453 849.2273 939.6936 890.703 949.7597 1201.395 1188.309 1216.294 1237.757 1350.381 1171.632 1130.947 1069.186 1008.697 1175.966 882.2693 1044.516 986.6901 948.19 718.8979 983.3436 855.679 1029.427 1139.338 1193.624 1027.088 902.4435 898.0204 1111.236 1341.601 1473.825 1287.457 1390.679 1502.288
-9999 -9999 -9999 -9999 -9999 -9999 -9999 -9999 -9999 1013.464 1010.462 992.2374 1145.588 1223.323 911.6262 824.855 834.5447 984.2731 1104.255 1241.2 1426.999 1379.718 1170.165 972.6235 780.8572 1010.494 825.1783 859.8352 1066.225 1354.94 1291.633 994.1825 741.8443 788.6111 1148.404 909.0875 902.5074 1186.072 1236.597 1174.014 1247.926 1283.819 1245.1 1385.544 1240.419 1299.694 1197.483 1132.557 1144.015 1028.74 1103.26 1018.311 867.5799 729.6647 951.0884 842.0669 954.1922 1127.465 1243.836 1110.568 820.1906 1104.435 1189.323 1130.905 1213.491 1237.704 1518.264 1179.431
-9999 -9999 -9999 -9999 -9999 -9999 -9999 -9999 -9999 1007.354 1115 1145.594 1250.783 1171.79 960.575 954.0579 782.5544 832.7615 980.7092 1205.143 1323.705 1162.834 1020.354 1037.756 773.1143 976.1965 902.8024 828.1446 997.5902 1154.733 1279.113 1022.469 725.9202 697.4129 1245.896 1076.321 1090.42 1068.863 1303.191 1291.756 1216.833 1252.376 1252.577 1324.745 1223.292 1272.892 1259.411 1232.894 1130.724 1063.128 1110.483 1052.262 922.7393 738.9642 847.8619 969.6945 1038.736 1064.119 1042.53 941.1041 814.4437 1079.87 1024.13 1130.889 1042.03 1165.553 1326.03 1157.59
-9999 -9999 -9999 -9999 -9999 -9999 -9999 -9999 -9999 826.3587 1092.998 1160.868 1266.99 1158.805 1069.328 910.753 798.2181 1092.833 1225.921 1287.23 1191.007 1072.048 882.2422 892.275 787.8906 947.2236 960.9953 759.3849 911.0435 1254.682 1340.263 1129.678 813.1414 666.4556 1198.427 1325.451 1388.732 1323.961 1319.84 1312.589 1243.84 1220.59 1276.236 1278.267 1296.409 1373.435 1300.902 1300.103 1204.964 1121.29 1029.738 1089.999 962.2935 750.7726 880.3199 927.6149 953.86 1016.692 1049.781 837.9039 814.2373 943.4958 980.2669 950.9533 990.9473 1026.046 1212.857 1071.337
-9999 -9999 -9999 -9999 -9999 -9999 -9999 -9999 -9999 852.2243 1009.717 1021.43 1163.282 1241.769 1045.936 884.3314 830.423 901.1982 1013.87 1241.522 1199.611 1012.202 1021.469 797.2452 936.5624 1077.032 1046.136 764.4624 950.8198 1247.702 1326.905 1030.035 647.4803 881.1483 1150.331 1071.279 1424.196 1345.619 1481.63 1338.489 1313.751 1311.601 1361.842 1291.696 1367.423 1279.672 1296.104 1270.742 1302.038 1187.708 867.6816 985.7303 842.5411 841.9046 850.4821 866.44 880.4205 980.5304 972.8096 1067.463 835.4747 846.0216 944.0328 875.4949 961.7037 1036.712 1013.501 1066.949
-9999 -9999 -9999 -9999 -9999 -9999 -9999 -9999 -9999 800.559 851.2054 841.1393 974.2067 1223.107 1073.096 973.3859 1004.296 1091.563 1206.788 1342.732 1218.618 1082.637 1052.416 800.1163 1001.651 1304.461 1043.414 773.0072 948.7742 1198.469 1121.772 991.9167 668.1901 986.691 770.0325 1157.267 1181.69 1306.925 1392.365 1321.728 1281.487 1312.033 1285.181 1192.023 1274.102 1159.639 1197.005 1116.117 1108.805 1026.396 851.246 803.2554 761.8436 783.6528 841.2477 862.2367 888.1466 1013.107 1014.968 981.2421 836.0087 834.1365 920.1161 1001.904 1046.596 966.7093 1011.083 1038.794
-9999 -9999 -9999 -9999 -9999 -9999 -9999 -9999 -9999 780.7606 653.4301 670.4204 940.158 1002.237 1146.273 1039.339 941.8877 1179.866 1418.164 1434.206 1287.633 1101.29 984.771 803.1069 963.393 1276.049 1016.078 818.8578 861.5829 1187.417 1072.186 747.1556 600.765 943.2742 1272.626 1121.481 1120.354 1343.693 1388.297 1207.993 1155.707 1204.443 1174.404 1045.517 1226.075 1096.25 1104.296 1022.448 964.3604 1068.816 982.6442 916.5089 769.6009 832.2046 925.8691 953.2368 935.2422 1037.243 993.5059 1033.385 998.329 818.637 974.3132 1133.5 1027.406 1176.667 1264.56 1170.967
-9999 -9999 -9999 -9999 -9999 -9999 -9999 -9999 -9999 634.1196 455.1765 686.1195 723.9919 889.694 1147.224 1154.312 926.9294 1079.187 1182.565 1279.421 1426.061 1298.237 1184.379 852.0071 936.77 1239.248 1119.936 890.7181 863.0148 1131.887 1094.477 1021.336 814.96 604.4592 992.7804 1467.658 1397.645 1381.848 1385.781 1229.254 1138.86 1133.368 1127.124 1036.826 1137.134 1147.567 1032.454 1052.189 1079.791 1130.094 1110.855 961.8831 871.2545 850.1422 879.0779 882.4597 944.1291 1042.467 1181.37 1318.485 1093.719 948.9022 1070.022 1112.106 1206.553 1417.956 1453.824 1457.386
-9999 -9999 -9999 -9999 -9999 -9999 -9999 -9999 -9999 489.2252 377.0245 534.2071 761.7136 1014.263 1196.123 1111.594 874.4739 897.8065 1107.572 1193.921 1392.441 1249.77 1143.745 906.5953 857.0623 1043.411 1197.251 939.3833 779.342 1000.355 1343.692 1147.514 807.2815 612.5242 1075.821 1441.734 1307.672 1259.219 1357.923 1256.128 1116.019 1109.992 1105.667 1048.639 1102.183 1149.266 1119.782 1050.153 1053.07 1147.641 1182.088 1098.789 847.3428 808.0565 841.1134 824.6711 972.0197 930.4481 1102.707 1178.71 1078.031 1007.002 1293.247 1258.157 1327.086 1492.786 1786.059 1549.292
-9999 -9999 -9999 -9999 -9999 -9999 -9999 -9999 -9999 436.6809 389.0024 511.4671 777.1957 943.1655 1148.465 1215.865 935.2979 1187.372 1334.002 1354.495 1502.658 1332.508 1221.2 914.0541 851.6746 1077.306 1294.438 1048.39 843.2867 915.7361 1304.448 1241.196 990.6505 767.47 788.2295 1352.837 1133.733 1163.219 1270.946 1120.479 1029.896 1077.509 1018.714 998.3484 972.7454 1038.799 1045.583 1031.793 1073.247 1131.696 1188.354 1031.69 902.6422 900.206 819.3549 1026.148 1107.618 1160.902 1101.235 1138.649 1002.105 1002.243 1163.543 1327.047 1466.623 1816.792 1641.929 1482.414
-9999 -9999 -9999 -9999 -9999 -9999 -9999 -9999 -9999 440.7035 511.7341 649.5673 719.3215 892.7814 1067.769 1194.469 1003.023 1231.621 1377.998 1585.017 1427.382 1311.853 1160.647 1038.958 889.8948 1054.243 1283.776 859.4161 830.9142 894.9087 1184.029 1338.894 1131.147 946.5725 677.7049 1165.789 864.0688 924.8768 1129.026 1114.93 976.7936 1020.289 998.0144 919.1489 1040.091 960.3519 1027.784 1052.356 1062.151 1178.365 1049.801 1033.241 1142.035 1073.078 936.4123 901.2411 998.6329 1126.675 1111.964 1127.254 1029.063 1175.041 1198.363 1394.723 1585.571 1691.146 1436.625 1226.567
-9999 -9999 -9999 -9999 -9999 -9999 -9999 -9999 -9999 462.259 498.4165 560.7994 738.8499 872.7034 1024.574 1116.738 1060.942 1410.391 1626.718 1660.599 1477.621 1296.966 1208.392 1043.736 883.6495 997.524 1190.255 1064.459 901.9819 861.6898 1054.409 1423.231 1291.445 1110.421 854.5859 687.3977 711.9561 917.8033 1006.449 986.0718 941.8257 994.897 849.5974 977.3384 958.6862 1026.932 1021.955 1157.362 1102.194 1150.346 1184.78 1167.466 1054.391 1080.286 1025.271 853.9941 993.183 985.7665 1227.687 1139.849 996.8013 1217.809 1410.828 1519.018 1649.342 1769.227 1799.205 1526.728
