ocotillo/.ipynb_checkpoints/dem1000-checkpoint.txt
ncols         351
nrows         384
xllcorner     -2258880.3543759
yllcorner     92900.617944095
cellsize      1000
NODATA_value  -9999
[rows 150 to 179 of 384, columns 204 to 271 of 351]
246.5149 303.5088 458.9213 395.0732 423.8848 457.3722 504.9361 450.558 475.3585 468.0633 478.8215 515.1995 536.3669 533.2972 507.3712 578.5023 717.8292 743.7664 841.0462 936.337 973.613 1011.408 1047.817 1141.867 1110.949 1222.867 1262.419 1294.032 1375.287 1466.597 1519.246 1552.747 1594.023 1703.727 1886.193 2012.789 2187.2 2373.134 2387.988 2389.614 2483.085 2326.487 2316.621 2389.627 2612.292 2414.175 2317.214 2635.488 2450.272 2281.257 2106.642 1991.591 2033.667 2042.288 2104.006 2042.381 2178.662 2110.426 2057.767 1898.471 1896.155 2110.055 2153.193 2175.036 2227.899 2271.455 2227.392 2171.687
256.0386 311.5872 379.8754 397.6007 449.0377 516.7296 616.5156 544.5913 458.9008 491.8971 594.8986 565.333 573.7598 625.1039 726.9541 576.3082 621.8757 734.9626 758.2186 930.8098 945.8347 1055.312 1126.085 1156.05 1275.301 1284.738 1335.025 1374.941 1464.386 1539.032 1600.153 1624.541 1644.615 1804.733 1909.762 1962.102 2046.884 2251.559 2473.776 2689.859 2407.642 2123.941 2321.861 2239.446 2509.69 2323.34 2247.625 2230.403 2289.941 2165.132 1987.138 1919.824 1978.307 1941.82 2031.283 1966.868 2040.876 2121.828 2028.959 1934.295 1950.807 2055.698 2272.029 2206.139 2311.624 2357.813 2241.137 2234.296
263.0042 327.1206 359.9498 392.1324 473.4712 566.2198 629.7352 574.1826 528.7843 528.5635 541.9429 616.0831 650.5959 670.0593 672.5641 692.7084 549.189 638.1966 786.9572 775.5532 908.4658 1110.483 1221.04 1259.284 1445.182 1487.386 1586.91 1599.862 1634.091 1679.594 1721.513 1641.944 1760.889 1813.632 1944.073 1989.991 2058.99 2200.375 2366.584 2411.277 2194.904 2027.584 2131.508 2164.542 2275.411 2245.485 2305.258 2220.976 2209.976 2011.355 1994.275 1891.85 1893.732 1954.12 2019.012 2101.479 2001.504 2013.943 1986.289 2012.714 2004.897 2057.11 2192.669 2211.091 2303.994 2450.323 2266.564 2192.6
269.6668 300.6105 361.3385 429.717 504.572 598.9404 687.0575 629.1366 572.5012 518.3621 569.6488 612.3218 680.6693 687.1606 793.7642 821.6316 656.7341 642.7658 723.9507 926.0419 1064.022 1160.012 1258.311 1401.833 1446.915 1497.868 1522.205 1555.698 1644.406 1696.615 1721.774 1760.654 1756.739 1787.215 1970.209 2007.951 2101.575 2220.226 2263.587 2326.944 2103.357 1937.45 1993.01 2216.221 2185.527 2146.89 2317.612 2127.158 2148.209 2067.175 2028.129 1956.338 1845.001 1848.542 2060.503 2109.847 2010.4 2000.416 2067.144 2146.909 2092.329 2092.002 2155.986 2189.313 2240.793 2429.354 2226.276 2164.851
273.6305 337.3162 385.0308 426.6917 524.6333 655.2444 901.7398 722.8254 605.8412 575.8104 575.7579 537.1807 602.2662 680.3968 773.2331 808.8426 743.1463 732.1349 645.3856 976.8977 1100.663 1195.745 1308.957 1340.152 1401.281 1420.801 1543.927 1591.285 1585.788 1600.519 1716.473 1777.323 1812.759 1817.67 2064.385 2172.31 2171.288 2192.049 2171.955 2189.25 2059.506 1750.169 2201.245 2455.296 2163.161 2067.704 2246.671 2177.787 1957.469 1821.074 1768.706 1872.605 1903.698 1867.373 1730.982 2164.538 2122.965 2176.917 2134.078 2058.801 2283.812 2240.359 2148.193 2160.197 2217.271 2250.428 2171.585 2130.454
306.5132 375.1966 387.6711 459.5233 539.9211 639.0438 788.0575 662.1655 606.7961 612.4058 631.9346 656.3986 602.0656 628.3245 716.613 767.3149 865.6623 898.5663 784.9908 723.34 1122.825 1183.492 1261.323 1296.078 1369.444 1434.569 1471.998 1534.186 1567.029 1585.285 1739.301 1842.919 1799.011 1853.962 2015.228 2097.426 2047.106 2038.938 2070.495 2089.552 2002.693 1709.897 2051.675 2281.664 2070.214 2105.303 2078.919 2085.78 2151.78 1952.753 1825.906 1795.492 1699.644 1757.067 1654.859 1950.276 2283.047 2136.908 2068.009 2055.019 2199.272 2229.157 2188.69 2187.889 2293.845 2182.651 2155.202 2119.512
368.1329 356.0603 413.599 453.8069 517.1484 544.0291 578.7122 562.0483 567.1728 569.2969 594.3435 606.3959 630.594 663.1572 695.2512 869.4625 893.1585 857.2871 936.337 786.365 803.5786 1090.508 1185.314 1156.52 1319.028 1370.553 1444.119 1439.38 1545.585 1612.262 1695.299 1727.471 1804.818 1807.177 1957.274 2008.685 1898.48 1988.738 1958.377 1990.37 1953.835 1817.756 1968.635 1953.163 2027.954 1998.694 2024.905 2016.236 2060.411 2057.826 2009.311 1865.026 1831.841 1681.117 1720.367 1680.439 1886.753 2073.907 2101.46 2063.228 2114.889 2131.702 2196.925 2157.539 2295.179 2160.514 2123.391 2104.395
395.4651 351.5058 332.6916 326.5452 392.6078 464.943 542.9592 579.4888 612.6016 647.3575 656.4338 713.2568 752.271 660.7756 817.3643 785.8065 813.3348 880.06 948.0191 1026.584 902.6554 900.3199 908.5146 980.9832 996.6332 1179.296 1385.463 1524.401 1618.777 1692.829 1713.271 1748.433 1858.635 1926.345 1884.774 1802.687 1874.839 2012.912 1852.305 1949.908 1938.646 1619.424 1776.433 1919.721 1936.328 1973.615 1955.742 1884.261 2010.088 2159.936 2059.836 1975.969 1879.586 1743.488 1608.754 1607.593 1813.027 2087.206 2245.553 2217.599 2111.633 2088.827 2174.783 2116.423 2318.033 2152.983 2118.044 2122.656
445.1681 468.1759 436.2773 403.3837 357.466 542.1213 531.2886 494.6473 588.0244 644.8179 670.2224 741.9767 759.0562 786.1456 750.1391 772.0755 762.3217 849.8221 910.067 1018.082 1052.225 1084.542 1146.183 1094.104 988.6061 1084.675 1228.058 1486.029 1587.088 1765.339 1878.089 1871.007 2018.212 1943.73 1858.418 1752.092 1867.857 1720.494 1774.181 1868.878 1846.093 1550.114 1783.242 1898.758 1852.796 1893.435 1923.204 1840.246 1975.076 2126.76 2000.034 1852.563 1756.899 1893.39 1743.585 1592.449 1671.545 2106.054 2302.196 2244.28 2078.861 2160.993 2062.189 2072.521 2224.321 2118.125 2086.489 2071.724
396.1041 440.4466 467.8098 516.811 511.981 407.4813 610.8895 623.9091 620.2561 636.4278 655.5823 747.22 726.9081 779.9195 855.8358 866.5963 839.5591 916.409 876.3047 1020.086 1044.851 1037.3 1133.262 1166.443 1282.1 1284.561 1184.188 1300.247 1341.222 1476.926 1587.067 1775.184 1836.457 1825.762 1651.959 1689.322 1721.878 1716.065 1878.709 1768.913 1671.384 1526.25 1799.044 1876.257 1804.476 1796.619 1823.651 1862.662 1910.943 1990.155 1920.728 1829.602 1692.347 1791.347 2025.521 1596.414 1581.411 1921.937 2095.844 2110.333 1992.712 2109.419 2020.312 2043.346 2141.152 2063.101 2073.021 1977.07
517.9221 500.7273 500.5123 482.8379 576.2901 547.6639 451.9675 507.5149 624.4994 650.3422 753.4979 684.1328 710.3489 806.579 857.4339 904.2856 959.6608 950.2744 1011.411 985.8571 1069.633 1164.496 1116.236 1199.927 1309.834 1359.614 1488.179 1378.005 1368.118 1430.445 1476.543 1503.944 1572.926 1668.036 1545.834 1635.427 1547.864 1772.121 1736.356 1932.264 1676.162 1499.576 1803.134 1861.203 1767.438 1810.26 1762.804 1812.678 1834.784 1856.877 1830.167 1899.233 1769.308 1654.355 1816.323 1804.163 1562.322 1802.04 1891.359 1963.126 1910.195 2030.658 1957.278 2031.951 2065.155 2022.881 1999.434 1949.704
539.2614 564.1981 572.6871 572.6292 592.8368 601.9756 535.9419 660.9158 589.819 699.4149 710.0547 780.3481 831.5488 845.5684 831.2705 863.1565 870.7824 896.0811 1003.269 1050.41 1152.285 1170.134 1234.365 1299.104 1316.346 1395.469 1472.452 1642.548 1571.408 1506.969 1507.252 1465.028 1486.058 1514.219 1532.011 1507.901 1607.883 1690.479 1769.837 1795.97 1541.667 1496.119 1652.412 1841.265 1788.524 1764.53 1761.611 1777.269 1739.295 1753.348 1747.463 1727.494 1791.653 1813.11 1646.004 1837.086 1559.472 1634.879 1799.165 1817.266 1795.314 1893.505 1915.528 2025.604 2022.919 1998.89 1962.641 1931.835
468.8146 519.5367 551.053 603.8299 601.0477 657.9592 687.0198 709.1997 555.9215 642.8539 709.0912 758.2653 842.6294 909.7318 944.3391 893.2161 957.8878 1004.824 1027.402 1073.205 1150.956 1179.322 1223.835 1246.171 1383.265 1437.92 1554.017 1681.075 1846.49 1832.167 1578.586 1487.233 1470.025 1484.162 1488.177 1509.62 1585.963 1741.82 1600.221 1523.767 1493.018 1498.479 1696.535 1742.292 1669.073 1665.254 1692.294 1719.167 1693.444 1675.671 1722.407 1663.781 1778.136 1797.213 1635.508 1759.077 1596.725 1637.321 1734.564 1792.013 1776.834 1773.323 1942.082 2054.423 1957.266 1981.658 1933.975 1884.27
450.1181 550.9123 596.4868 608.4619 629.9938 666.106 701.0569 737.727 671.1558 667.4152 842.6956 776.7509 864.5212 921.6174 945.7323 963.0057 978.9576 1014.866 1040.352 1086.377 1118.815 1149.105 1207.149 1330.689 1464.118 1461.088 1511.411 1598.301 1823.081 1894.114 1812.377 1538.634 1487.755 1487.533 1575.127 1557.678 1718.022 1804.518 1529.156 1434.704 1790.851 1494.02 1602.844 1801.936 1654.287 1652.967 1655.102 1658.622 1655.892 1629.658 1622.437 1639.052 1632.937 1715.394 1618.073 1722.368 1538.049 1650.427 1638.868 1697.659 1690.209 1767.634 1942.065 2011.697 1957.371 1945.177 1907.586 1877.404
441.7349 517.5815 447.6934 571.0123 615.9442 631.8109 671.241 689.6161 759.8697 796.8843 799.2938 843.6221 874.256 890.197 877.5608 963.5411 990.6974 1032.366 1059.938 1088.079 1114.421 1172.32 1206.694 1269.38 1295.036 1439.864 1605.444 1731.865 1801.031 1750.48 1883.262 1617.438 1524.208 1608.746 1617.499 1847.313 1848.549 1782.965 1655.467 1442.716 1612.16 1491.763 1502.708 1790.797 1831.815 1667.348 1637.989 1632.599 1621.872 1610.804 1584.371 1568.42 1592.908 1589.023 1626.86 1678.85 1530.691 1616.813 1623.52 1637.11 1708.048 1783.163 1796.322 1964.007 1956.816 1901.287 1889.563 1828.322
435.3054 369.149 355.5639 361.9166 465.0776 569.5109 566.6656 676.2736 777.2494 804.1708 836.0891 861.3367 693.7725 644.602 680.3325 856.9173 942.6663 947.9316 954.4049 987.6857 1096.742 1176.949 1224.454 1273.033 1393.465 1446.977 1692.422 1818.041 1912.071 1898.732 1882.228 1682.295 1645.455 1633.144 1453.746 1510.324 1574.976 1549.172 1487.908 1428.655 1641.772 1496.135 1476.202 1551.737 1614.218 1634.208 1696.407 1739.534 1740.952 1655.42 1572.479 1559.338 1556.753 1543.733 1652.544 1634.612 1526.902 1606.6 1596.891 1623.004 1660.407 1648.856 1813.538 1916.402 1885.967 1865.838 1796.79 1757.695
326.7845 375.4118 410.3935 422.8909 530.0412 464.273 653.2505 696.3268 746.1841 777.7687 710.2303 607.8205 524.1159 660.7527 852.816 978.8839 901.6664 1033.691 1055.035 1119.306 1107.044 1172.862 1246.646 1287.331 1448.727 1573.32 1682.979 1809.429 1888.747 1976.257 1973.239 1888.398 1731.215 1547.792 1334.56 1352.933 1346.531 1377.303 1405.136 1612.05 1754.951 1488.384 1474.766 1687.36 1713.099 1620.502 1645.948 1792.297 1808.146 1758.787 1627.766 1678.033 1566.78 1542.359 1534.568 1550.285 1544.213 1576.591 1566.809 1587.852 1594.865 1580.594 1758.507 1826.176 1806.83 1818.829 1783.074 1733.235
364.6358 400.1723 431.7622 496.1363 546.7023 363.3022 583.7129 620.7849 596.2712 556.0786 479.4232 617.2014 672.6819 871.7653 915.5361 967.5178 1021.032 1031.563 1012.161 1051.814 1066.721 1129.705 1268.039 1333.286 1495.469 1553.657 1636.246 1788.317 1859.491 1910.587 1942.363 1813.477 1523.773 1398.581 1282.643 1513.18 1597.541 1612.458 1581.608 1627.472 1769.39 1557.058 1464.688 1486.887 1701.148 1661.614 1624.826 1624.526 1786.005 1794.309 1717.533 1800.458 1587.579 1613.069 1514.998 1529.853 1521.507 1539.991 1552.958 1552.01 1606.948 1558.278 1545.781 1640.621 1724.15 1769.658 1734.507 1730.34
389.0506 483.2626 387.1691 482.0452 548.1937 497.7909 415.3234 405.4312 437.3241 560.8476 536.8472 740.6959 770.1649 788.915 720.9905 706.8613 848.394 865.7355 997.5391 1154.021 1190.221 1255.185 1306.463 1323.479 1440.693 1531.794 1585.247 1701.105 1834.629 1933.577 1990.437 1764.153 1638.899 1358.499 1589.424 1752.518 1747.232 1633.457 1588.41 1641.754 1756.145 1762.286 1516.454 1511.004 1473.847 1670.045 1697.807 1592.87 1597.784 1756.715 1835.769 1787.763 1794.147 1595.25 1679.38 1495.36 1512.174 1524.14 1534.395 1543.874 1577.185 1472.002 1396.601 1515.826 1677.775 1722.372 1705.574 1738.328
379.7123 393.1578 393.1124 443.1292 474.252 571.2536 611.7075 516.5811 548.9586 577.462 512.9458 579.6837 567.9072 569.907 826.0234 975.1859 1008.795 1041.638 941.3427 991.0387 1182.519 1220.822 1290.761 1299.878 1374.764 1500.89 1576.264 1613.037 1715.822 1785.897 1750.302 1955.067 1631.766 1351.717 1470.283 1771.143 1717.915 1725.697 1599.063 1610.582 1766.728 1753.666 1522.003 1499.599 1569.056 1445.228 1667.111 1685.466 1682.698 1697.932 1830.04 1758.659 1796.084 1669.196 1626.722 1458.523 1488.797 1484.611 1545.129 1509.432 1495.855 1449.611 1375.498 1411.176 1634.216 1687.255 1690.408 1724.682
449.4595 505.4238 414.0558 516.122 526.9515 628.7787 609.3438 675.6073 683.2606 521.8529 670.0674 608.8517 621.8499 709.3851 909.9136 1011.548 1022.031 1081.308 1133.593 993.7141 1085.941 1226.873 1235.382 1255.473 1300.441 1373.785 1470.87 1569.322 1687.516 1620.586 1795.91 1913.895 1732.705 1370.424 1334.327 1633.4 1700.198 1732.286 1669 1607.19 1746.034 1762.806 1684.658 1529.703 1436.743 1513.097 1521.067 1694.85 1670.2 1589.559 1732.892 1735.001 1699.8 1649.505 1536.646 1496.791 1469.555 1466.057 1451.898 1481.957 1430.417 1386.848 1374.366 1397.322 1627.854 1676.039 1679.012 1695.831
421.2858 531.6218 539.9617 482.6832 582.1744 572.9691 655.6226 628.8414 771.2517 639.0791 708.2034 789.5476 721.4049 839.3522 957.3722 1022.576 1108.023 1109.06 1152.023 1156.98 1073.403 1186.285 1204.966 1260.759 1361.819 1391.408 1433.716 1542.221 1575.881 1659.194 1693.39 1823.327 1771.035 1469.042 1250.999 1462.695 1714.171 1781.952 1694.058 1689.773 1705.213 1730.187 1657.675 1459.349 1415.758 1427.828 1640.312 1660.897 1553.978 1712.322 1736.333 1760.963 1766.451 1774.612 1526.96 1488.745 1470.799 1447.874 1432.276 1454.909 1422.931 1382.144 1375.229 1378.659 1578.062 1703.152 1682.452 1673.548
388.594 437.89 547.6012 597.7096 609.2803 644.4271 650.5368 746.1364 729.765 718.4888 641.8643 788.1144 893.6876 872.8016 896.9351 932.849 1107.247 1256.699 1137.783 1160.775 1137.5 1178.555 1185.343 1233.193 1312.029 1384.243 1392.034 1497.264 1603.551 1664.017 1689.91 1626.557 1377.284 1256.218 1408.932 1696.5 1550.626 1640.85 1691.417 1695.002 1701.067 1674.332 1638.912 1432.543 1395 1530.241 1648.372 1660.044 1546.821 1667.789 1766.931 1725.742 1731.112 1788.013 1650.453 1496.456 1432.695 1416.767 1442.192 1419.049 1384.276 1378.699 1373.772 1406.658 1512.264 1715.023 1679.358 1618.788
520.8146 490.3128 509.1975 589.6521 624.914 723.2072 648.0689 846.7554 780.8466 826.1362 842.9708 776.3521 823.9739 947.6207 953.6326 972.5089 1010.401 1146.344 1244.176 1277.889 1165.885 1194.892 1230.603 1328.034 1390.617 1474.34 1537.41 1566.169 1578.705 1686.655 1628.572 1309.271 1201.493 1376.151 1769.737 1741.237 1547.863 1489.724 1648.791 1612.109 1508.977 1447.543 1500.7 1401.048 1406.591 1486.58 1595.11 1647.947 1539.797 1687.329 1591.327 1620.072 1750.832 1806.138 1779.997 1515.926 1463.642 1412.547 1397.448 1389.179 1380.352 1378.283 1372.666 1427.153 1447.592 1620.782 1628.353 1534.636
538.9163 541.4327 487.7774 557.6941 594.8475 676.8985 802.0879 774.6415 839.9348 841.6888 956.0173 900.0538 856.4927 781.148 823.0439 868.2065 1178.832 1229.378 1307.192 1258.318 1292.619 1310.784 1353.479 1380.614 1439.578 1430.615 1100.584 1447.401 1464.199 1288.802 1081.693 1104.776 1465.2 1664.845 1667.317 1694.944 1598.889 1436.806 1511.407 1605.162 1460.798 1441.121 1414.743 1451.376 1393.577 1416.038 1601.692 1593.548 1525.847 1610.767 1588.251 1552.146 1694.669 1829.26 1800.04 1552.04 1460.997 1409.414 1391.124 1385.282 1380.527 1376.022 1372.666 1380.252 1376.267 1529.452 1547.795 1528.502
581.3797 610.3041 631.7525 538.8859 589.0464 617.0234 727.6401 779.1136 725.6055 695.3396 809.0831 745.2658 721.6246 674.7143 687.164 993.9086 1091.116 1124.025 1287.684 1302.292 1294.66 1217.272 1213.744 1319.442 1085.836 1011.479 907.2951 999.0002 968.1578 1113.772 1474.262 1558.062 1725.352 1632.888 1590.501 1637.906 1511.396 1461.836 1446.743 1419.972 1427.212 1476.602 1480.443 1541.344 1461.95 1410.622 1464.4 1532.845 1516.879 1549.422 1564.859 1525.401 1610.575 1713.463 1799.336 1589.419 1446.777 1401.278 1388.108 1380.558 1377.044 1373.632 1372.666 1372.666 1372.666 1469.546 1509.392 1512.93
494.5451 530.5381 650.2921 646.9347 712.2055 695.8286 659.9656 743.0814 675.6422 582.0049 769.163 716.4894 524.7557 501.1158 546.9367 860.2972 818.735 830.4936 1064.639 1104.221 1037.524 893.8671 897.7941 919.5429 813.4771 922.0519 1163.356 1221.656 1440.825 1527.312 1668.425 1689.216 1703.051 1628.916 1576.666 1594.932 1462.881 1465.84 1498.149 1451.865 1382.295 1388.403 1513.913 1560.87 1581.819 1464.722 1448.894 1470.152 1487.185 1499.423 1540.608 1542.597 1500.597 1559.245 1659.262 1560.941 1446.244 1390.739 1381.77 1376.258 1373.866 1372.666 1372.666 1372.666 1372.666 1427.642 1471.013 1479.774
518.0193 528.0408 513.4525 615.6879 636.0935 688.5673 747.5938 647.0844 649.7177 665.3583 672.5999 447.3131 627.057 797.1858 710.2144 596.2492 580.1799 648.1501 682.1741 712.1012 696.5198 700.0612 807.0292 858.9885 970.2098 1075.588 1515.707 1601.379 1595.84 1669.356 1703.148 1736.972 1645.283 1635.294 1546.071 1566.284 1407.567 1468.206 1494.073 1411.555 1296.417 1487.424 1677.939 1684.561 1707.08 1602.416 1534.358 1494.414 1500.848 1491.849 1523.033 1522.24 1494.708 1492.672 1554.644 1560.236 1490.748 1388.797 1376.139 1372.666 1372.666 1372.666 1372.666 1372.666 1372.666 1410.68 1434.111 1469.999
511.5047 464.1006 546.6429 601.7829 634.8752 676.5483 649.2902 459.5705 378.5347 430.4765 543.5588 533.7255 711.7835 797.8477 844.7637 766.3474 812.5504 775.2345 769.4816 776.0533 771.196 893.7784 1069.656 1035.958 1186.186 1354.672 1459.682 1481.911 1543.698 1546.626 1469.795 1671.399 1649.872 1593.916 1399.8 1584.277 1521.341 1351.766 1263.168 1440.601 1608.353 1645.136 1628.547 1766.736 1755.066 1775.643 1751.447 1611.18 1643.02 1559.686 1488.707 1509.259 1495.997 1477.22 1468.432 1440.016 1435.089 1390.722 1372.666 1372.666 1372.666 1372.666 1372.666 1372.666 1372.666 1467.502 1446.059 1432.216
479.088 513.6728 515.8047 504.6201 593.5797 662.5891 542.0984 356.3536 597.3351 568.7145 587.0901 674.8657 562.6962 748.1077 857.9241 994.7027 931.3943 889.826 829.0649 899.837 931.5372 1086.469 1137.178 1203.254 1125.855 1308.08 1203.94 1253.381 1370.642 1301.966 1524.416 1664.234 1628.483 1564.697 1326.483 1260.896 1242.708 1271.098 1459.89 1663.363 1701.331 1894.182 1665.013 1908.502 1892.043 2029.869 1967.494 1818.561 1876.776 1714.355 1584.912 1474.943 1513.65 1472.876 1469.071 1427.906 1423.205 1403.435 1376.459 1372.666 1372.666 1372.666 1372.666 1372.666 1372.666 1544.132 1461.873 1399.02
