ocotillo/.ipynb_checkpoints/dem1000-checkpoint.txt
ncols         351
nrows         384
xllcorner     -2258880.3543759
yllcorner     92900.617944095
cellsize      1000
NODATA_value  -9999
[rows 300 to 329 of 384, columns 136 to 203 of 351]
411.0219 575.1927 635.7775 514.6533 512.1077 269.5491 174.2902 225.5383 296.6421 232.7854 240.4406 199.9517 205.1655 159.2973 124.7171 107.2114 95.37218 82.73125 69.80276 60.62827 52.56944 46.2746 39.37487 33.13363 30.49271 24.40978 19.83013 15.47914 11.76298 11.04444 9.94777 9.936 9.977471 12.85419 11.51953 10.04166 10.27714 12.67005 14.17678 12.49274 11.81188 11.81537 11.423 11.423 11.1227 11.223 10.49023 11.33972 11.38197 11.423 12.07579 12.71247 12.93596 13.70512 14.22593 14.90401 15.28401 15.907 16.107 16.41539 16.18943 16.5948 18.33738 18.87345 20.15153 20.59911 20.732 22.06653
421.0848 629.5766 573.7026 437.8343 273.7412 235.2172 198.0023 205.6582 207.4141 208.4368 168.1481 168.7304 208.3227 202.3271 177.0723 134.4296 111.1211 84.461 74.11154 61.97664 54.68887 48.60553 42.09283 36.73078 31.66663 25.58565 18.91347 15.37433 12.44741 11.58942 9.936 9.931178 11.43521 10.93425 11.43679 9.836 9.846081 11.94738 12.10863 11.00333 11.5594 12.89224 12.22336 11.423 10.82152 11.323 10.92325 11.12747 11.01202 11.11835 11.49206 12.50654 12.907 13.08459 14.05947 14.507 15.09613 15.40742 15.807 14.86427 16.92902 16.25008 19.12741 16.06198 18.89054 20.05795 20.55441 21.32838
502.0634 795.7023 511.9309 529.6594 330.0852 249.6761 190.4416 237.6132 192.7385 246.0001 251.2869 228.8159 194.126 197.373 188.5514 144.9501 115.118 93.54456 78.34367 67.90396 57.09368 49.47015 45.9167 40.90402 34.72376 25.59567 20.20012 15.37393 11.90486 10.18266 11.34851 10.1848 9.832403 8.544522 10.26298 10.53979 11.22179 11.436 11.4374 12.7275 11.68163 12.31423 12.62709 11.3229 10.72665 9.917073 10.20361 11.27669 10.82049 10.04326 11.3982 12.05624 12.507 13.0086 13.60298 14.41565 15.26068 15.31162 16.007 14.76461 17.10176 15.8903 17.15052 17.33896 18.97635 20.43873 20.64363 20.48837
533.698 712.8254 519.4315 508.1229 296.8321 226.7322 219.6854 212.4169 238.9569 284.8685 295.5035 259.9782 237.5627 224.4287 194.1234 157.3544 120.5631 98.51466 82.09815 68.75928 60.45507 55.99125 51.15862 44.09828 36.22103 27.75539 20.86285 14.8737 11.07754 9.852115 9.73053 9.904809 9.122343 9.307489 9.640393 9.836 11.29766 11.436 11.4849 11.81726 11.4466 10.73691 12.68091 11.39373 10.21667 10.02038 10.23204 10.12297 10.57135 9.894746 11.47217 11.91586 12.50597 12.907 13.52019 14.54135 14.51348 15.02917 15.79802 16.02416 16.44477 15.893 14.92066 18.18083 18.99563 19.76264 20.49978 20.45013
567.6494 673.3624 570.2562 539.9659 240.5669 243.9417 245.5593 273.4016 250.2827 330.4259 328.0955 307.3012 216.7572 219.8224 198.4276 143.8228 124.7919 108.8983 88.21996 74.88319 66.29021 61.33254 54.65213 47.27519 37.78911 29.41596 22.42982 16.36606 11.10353 8.788498 9.045628 9.323552 8.335999 9.837995 9.387488 9.834991 9.614162 8.803616 10.31936 11.81577 11.85432 10.5144 12.24743 11.2277 10.19978 10.30054 9.819733 9.822705 10.10647 10.0128 10.91772 11.507 12.12096 12.90592 13.50824 14.11004 14.30513 14.82075 14.95777 15.84756 15.1049 13.293 15.78199 18.51657 18.72833 20.50453 21.63043 20.77892
740.5399 661.0888 622.2833 507.8669 254.3475 267.1982 259.5458 281.7668 305.3886 312.8387 280.5707 267.8791 260.5412 232.1312 192.658 164.9097 135.6179 116.2516 95.59052 82.01774 71.58978 65.57153 57.38967 49.16324 40.91695 30.72713 24.77067 18.34359 11.74915 8.473097 8.335999 8.536 8.338874 8.742322 8.777675 9.829444 9.92994 9.768219 9.575402 10.85648 10.89659 12.67207 12.53355 11.90619 10.38736 9.920741 9.591895 9.657476 9.933382 9.92245 10.60349 11.407 11.407 12.41695 13.00301 14.30232 14.20818 14.71185 14.61601 15.59626 15.38127 15.2266 16.7767 17.7894 17.91581 18.95058 20.49359 20.49515
756.7954 670.9185 534.1334 496.323 337.6683 289.8146 268.1312 307.8753 305.2502 324.0018 291.7931 228.5995 306.7384 221.423 188.3304 171.821 132.4397 115.9451 100.1389 84.64108 76.92065 66.19591 55.86243 46.38196 38.42987 32.14868 24.01565 17.08024 12.00177 9.106895 8.338654 8.335844 8.335997 8.335999 8.335999 9.18668 8.809476 9.294307 9.624403 10.31953 11.44044 11.69224 11.88873 11.52067 10.75894 9.655723 9.231994 9.292488 9.422739 9.99845 10.36872 11.20629 11.63929 12.40003 13.00204 13.63278 14.407 12.88116 15.0442 15.38935 15.89013 15.8626 16.59493 17.19407 17.61454 18.99262 19.21038 20.15016
541.9346 654.6518 671.3475 448.4123 312.1823 325.9435 309.6821 317.5318 329.8847 326.7124 318.4373 274.2367 297.883 237.8687 208.7141 170.4629 129.599 109.9962 98.78562 89.38825 79.5621 68.86442 58.7336 49.51111 37.20448 30.37674 21.57027 16.59565 12.06423 9.525619 8.359712 8.359673 8.347549 8.347581 8.341325 8.334862 8.335993 8.743251 9.997872 9.321337 10.09835 11.23725 11.70106 11.4207 11.40637 9.820457 8.723001 9.288874 9.195455 9.536988 9.880799 11.08436 11.64152 12.40047 12.807 13.52622 11.80173 14.18347 14.82215 15.16001 12.80353 15.89183 15.893 16.90151 17.71311 18.86443 19.38773 16.06032
437.5498 672.4207 605.3864 544.4153 410.1465 313.1803 359.914 333.5189 351.356 317.7072 329.7819 302.4149 270.082 253.0952 188.2337 179.1075 158.3331 122.3211 105.9459 95.13877 82.71884 72.24683 61.81429 50.85558 44.56753 30.55917 21.78749 15.16813 11.76079 9.947968 8.757228 8.367 8.367 8.3654 8.358836 8.483262 9.146471 8.990001 8.727732 9.245496 11.34515 10.35102 11.41804 11.28412 10.06537 9.823 9.816779 8.67005 8.39738 9.815892 10.10398 10.907 11.46296 12.19899 12.84367 13.64373 13.81197 14.4076 14.40722 15.20506 15.41275 14.63327 15.31435 16.74749 18.4412 17.62573 15.59367 15.9809
185.2715 161.6145 249.1255 342.1749 290.8736 352.6734 338.937 306.5783 369.1174 282.7167 271.8068 259.323 229.8143 185.2108 161.7904 174.2869 161.483 121.3899 110.6308 95.42417 87.67269 75.10721 65.30009 52.50967 41.7876 33.59738 24.87348 17.74519 13.22 10.67926 9.343102 8.367 8.367 8.367 8.367 8.559843 8.358073 8.38176 8.253656 8.898742 10.04524 11.71063 11.02125 11.323 10.45648 9.814358 9.320285 9.00774 8.307886 8.432552 10.20339 10.87826 11.50628 12.20867 12.89342 13.00641 13.05049 14.00073 14.08715 16.6246 13.32251 14.7558 14.75961 16.9976 17.48878 16.00345 18.22672 20.55857
347.2722 625.8659 277.8158 181.0443 226.8192 245.1232 263.5841 338.8067 354.5432 322.3995 261.2793 285.3721 239.1942 247.3562 210.1785 192.644 150.853 138.7997 116.4258 99.30132 88.03883 74.00655 63.17318 55.09344 44.41623 34.41423 27.05244 19.40615 16.04383 13.30607 11.06657 8.969373 8.371009 8.367 8.367 8.367 8.491858 8.353 8.351719 8.35052 9.850855 9.900979 9.778638 11.37236 10.28149 9.723348 9.323 8.502182 8.307 8.33953 10.17388 11.107 11.36861 12.26815 12.65253 13.00735 12.907 13.68906 14.29725 9.987033 12.893 14.46287 14.57459 15.54433 15.593 15.593 17.70607 18.44114
463.3617 670.175 483.794 280.1553 129.277 163.4483 262.8091 383.949 360.832 357.6208 320.1142 289.5133 237.6174 232.3455 242.8951 196.0425 158.3244 150.8258 119.3439 101.8266 92.34242 77.06277 64.17541 53.72966 45.24421 35.22131 27.49258 21.93777 20.33822 14.90603 13.24892 9.831807 8.426574 8.369305 8.39749 8.367 8.472386 8.353 8.353 8.517722 9.807508 11.47387 12.43544 11.47357 9.685902 8.702512 8.98183 9.2875 8.29397 8.556827 11.14535 11.29966 11.30518 12.44824 11.93473 12.10355 12.707 13.59551 14.6175 15.40835 12.893 14.31045 14.76425 13.10735 15.893 17.67494 19.1676 21.34169
549.8994 708.5527 533.7075 331.7328 138.5693 157.2877 229.4078 319.5577 456.1528 412.7625 363.4412 325.1157 298.2209 257.7826 245.1805 209.7326 165.2409 137.3248 117.3324 102.5839 89.73824 77.94283 66.67173 56.69724 45.87547 37.66983 30.37134 24.96089 22.10411 18.31838 14.62856 10.71589 8.665471 9.128764 8.366712 9.164921 8.349289 8.350858 8.919103 9.879555 10.98997 10.41898 9.923042 10.08519 8.918018 8.353 8.974548 9.61628 8.339943 8.618413 10.41769 10.47726 12.07746 11.81198 11.407 11.64791 12.50627 13.58404 15.58892 12.78538 12.89244 13.18753 12.893 13.40006 15.93507 17.34895 18.97565 20.46819
625.0462 674.9109 552.7714 405.0446 190.6566 123.0633 217.2209 257.4626 470.2637 508.0081 368.4885 402.246 321.6523 242.6926 251.6613 176.1246 162.1685 144.3036 123.2898 104.787 91.24139 80.03354 67.70974 56.03496 48.92945 42.45431 32.39131 27.35453 22.27485 19.26433 15.94248 11.21474 9.590137 8.648389 9.360959 8.679519 8.348559 8.787431 11.15715 11.40602 9.881206 10.05301 9.108255 9.070407 8.353 8.353 8.356357 9.077582 8.561863 8.341 9.49784 9.878027 11.10769 11.32296 11.40897 11.53723 12.57267 12.89416 14.55552 11.18685 12.88955 13.02553 14.35683 14.24242 16.19906 17.39297 19.69484 18.97065
773.7663 577.1873 680.3139 397.4843 243.1455 121.2352 119.0664 192.792 409.2033 498.2079 463.6088 446.9723 262.5923 249.3962 244.5686 213.3639 170.1297 130.2578 118.4421 102.1149 89.26064 78.81133 67.31699 56.78947 48.41784 41.32205 35.6197 29.64043 26.49751 19.34865 16.13692 11.69375 9.279263 8.027362 9.414924 8.341628 8.339751 9.302956 11.37052 11.3983 9.876734 8.92937 8.653896 8.352153 8.352938 8.352988 8.341901 8.53578 9.062491 8.341 8.367314 9.86533 10.45105 10.81292 11.02148 11.57182 12.2277 12.20854 13.02811 13.73888 16.13053 12.89873 14.18754 13.95821 15.25046 16.9572 18.53448 20.36811
848.194 713.7502 641.4941 325.1327 263.6283 138.4978 118.3246 196.9094 403.5841 489.0306 503.6446 414.9943 250.8962 276.6214 181.3808 157.4416 143.8009 150.5632 111.1681 102.8578 84.46494 73.68266 61.71945 53.79917 46.3345 38.35987 31.82779 26.69975 21.13071 18.17172 14.44981 10.55036 8.364391 8.03172 8.03172 8.160419 8.985206 9.735222 11.37052 10.63907 9.654872 8.351556 8.353 8.353 8.361567 8.149158 8.19295 8.051393 10.17754 9.342785 8.341 8.897397 10.0201 10.43938 10.99071 11.54234 12.28655 12.22671 12.80532 12.12053 14.51048 13.32527 12.5373 15.94057 15.93791 17.8349 19.63847 20.78983
730.4676 614.2009 598.1604 342.93 221.6587 134.5152 117.135 207.1466 397.0613 388.3573 392.8317 320.0269 205.3383 241.2537 227.3648 167.1067 179.7603 126.929 121.8965 109.832 90.47581 79.17381 64.71535 59.75013 41.5284 32.50693 29.02142 23.64433 20.41377 16.74508 13.18068 9.261597 8.326115 8.031254 8.181304 9.470254 9.941713 9.877 11.40055 11.20417 9.011051 8.353 8.03688 8.230941 8.334357 8.200999 7.649393 7.689106 8.334739 10.70034 8.406149 8.341 9.759964 10.37781 10.8794 11.38221 11.67386 11.67763 12.72423 13.62252 12.07731 12.899 12.89762 14.78248 16.57204 17.45698 19.13104 20.33092
708.5005 594.865 576.5403 354.5052 269.8468 128.5837 117.4341 189.7379 394.4486 400.0847 439.3382 324.5617 225.6522 197.2573 229.2748 199.1488 130.7253 119.8808 111.6182 100.5388 97.73483 85.22967 79.99992 55.11622 40.38737 30.51115 26.97019 22.09364 16.91926 12.95297 10.13777 8.373227 7.875205 7.903765 9.13022 8.331679 9.559592 11.40315 11.38799 9.632858 8.704426 8.353 8.353 7.619873 7.826515 8.175204 7.418175 7.857625 8.341 8.9341 10.12416 8.341 9.866166 9.895478 10.3942 10.89695 11.39738 11.63836 12.57779 11.46978 12.8957 11.73849 12.9461 14.46225 14.72294 17.75534 18.51814 18.25983
644.4535 563.4102 591.0487 328.5804 198.8723 130.137 114.6757 157.4952 376.3737 447.4491 402.353 317.0016 241.8698 234.9243 194.4091 161.5175 175.7757 119.3491 111.7475 106.2636 99.69911 94.96651 68.43077 59.56404 35.78258 26.85443 22.19802 19.11275 14.26707 11.46477 9.602109 8.117434 7.670455 7.598868 8.119861 8.048562 8.352979 9.610048 10.12053 9.63316 8.706015 8.353 8.353 8.353 7.377877 8.252549 6.937356 7.977034 8.341 8.341 9.669614 8.462862 8.340951 9.27618 9.831465 11.17953 11.375 11.375 10.97694 11.4332 11.70772 13.33283 15.47663 14.76266 15.81094 17.47605 18.15591 20.14015
690.5443 590.5172 575.8873 378.0839 229.334 123.9453 114.5807 138.7033 321.8885 488.599 475.576 331.9837 208.44 289.034 217.1673 170.255 149.8993 154.9091 118.879 108.8111 98.80711 103.1569 69.25619 54.10758 32.2854 23.50719 19.46038 15.94675 12.94411 9.74467 8.288929 7.870292 7.270353 6.897357 7.377866 8.193857 8.939591 9.868586 9.839609 12.34891 10.03879 8.353 8.353 8.331723 7.27607 6.817 6.828583 7.546191 8.139681 8.341 8.308651 8.710579 8.341 8.882325 10.4651 11.38193 11.375 11.375 10.63891 10.88093 12.04069 13.0746 13.63002 15.10232 14.59067 16.48618 18.0553 20.53893
653.244 512.1078 546.3147 314.05 160.3953 119.5245 112.1386 105.9788 280.0427 432.2502 518.2618 418.5946 247.7121 263.1222 208.0941 178.9275 185.6377 144.6136 117.2364 96.47717 96.31386 93.69563 98.09216 66.44901 37.30179 22.67441 17.06339 13.97691 11.64534 9.476398 8.120427 7.685193 7.203242 6.84237 7.325218 8.30481 8.331973 8.26933 8.88567 12.20441 10.17938 9.405066 7.970992 7.112638 6.822605 6.817 6.817 7.070633 7.444727 8.236879 8.303987 8.282826 8.346475 8.341 10.12971 10.39615 11.01556 11.37496 10.06415 10.21267 11.57834 12.91519 14.61741 14.423 17.36864 16.93168 17.81232 18.92414
638.5732 500.779 570.8846 346.1689 203.923 130.1147 115.1278 103.3664 187.891 297.433 542.9889 501.7919 273.7561 264.7586 199.7534 185.5211 160.7278 139.0319 104.0548 104.625 111.0873 77.15625 107.4712 66.30594 46.59046 20.54742 15.9935 13.21202 11.68544 9.823072 8.186908 7.78085 7.37788 7.419355 6.901116 7.261774 7.248357 7.850112 8.223951 9.824793 12.47587 8.322971 7.304955 6.828998 6.8179 6.817 6.817 6.817 6.817 7.711181 8.105721 8.279114 7.7314 8.405794 10.48337 9.983218 11.23533 11.01973 9.136456 10.90087 10.31873 12.94512 13.80681 15.48278 17.28202 17.66505 18.97332 20.25119
687.4137 628.4778 533.0626 288.9874 240.3366 124.6787 112.5762 100.9692 180.5073 352.1169 452.4513 437.5066 240.3349 235.037 185.8656 172.7221 134.006 106.507 110.7868 88.17097 85.52591 69.43985 86.69014 88.55446 63.40252 21.58957 18.08713 14.31005 12.93633 10.22968 8.311209 8.101526 7.782866 7.602996 6.858293 6.858922 7.264995 8.037517 10.50992 11.38614 8.191182 8.095783 7.034982 6.827235 6.817 6.817 6.817 6.817 6.817 7.27249 7.78136 8.054576 8.295202 8.341 10.7861 10.16459 11.12418 9.963001 11.52524 11.3396 10.38929 12.84521 12.60577 14.91134 17.42276 18.32573 19.93862 21.19289
722.5117 559.8001 557.9186 416.618 270.0854 125.5113 108.6265 100.6528 248.5441 336.4514 519.2698 479.2556 299.8414 251.6539 163.5602 163.6835 131.0976 111.222 100.4195 119.3531 118.7327 67.29371 67.37463 75.42295 50.8166 25.83733 20.15554 15.87881 11.92994 10.1717 8.389 8.118815 7.860717 7.011593 7.156587 6.886364 7.023117 8.259871 9.514177 9.834381 9.606191 9.559604 7.566354 6.821705 6.817 6.817 6.817 6.817 6.817 6.817 7.257693 7.757186 8.278479 8.340981 9.772223 10.08109 11.20352 9.825371 9.848409 10.37429 12.83896 14.48042 15.72513 16.57991 16.58055 18.71805 19.29856 20.54212
653.0729 584.0807 626.2759 303.2449 279.4263 134.9423 107.8408 98.32288 190.356 286.7398 558.2886 405.4336 262.2834 248.8711 159.1552 138.4512 123.6062 109.9555 99.94016 92.87427 83.65253 105.8043 56.06691 46.4843 38.02251 30.97328 22.05638 15.50793 12.51676 9.961859 8.610824 8.385159 8.356789 7.575611 6.87748 6.87748 6.872983 8.081676 8.7396 9.545275 8.572863 8.446145 6.835789 6.820244 6.817 6.817 6.817 6.817 6.856597 6.817 7.041556 7.798527 8.044965 9.00821 9.080211 10.14236 9.790486 9.237361 9.675304 9.972889 13.07985 14.82894 15.85644 16.99192 17.80957 18.7408 18.20098 20.89127
666.5072 612.866 640.3153 408.0624 256.2823 127.9043 103.9727 96.49862 161.7255 283.6152 496.5539 498.519 265.15 238.5469 179.8858 135.7932 119.0716 99.84454 96.06946 100.201 110.4849 109.5747 104.3484 89.24873 75.63452 47.69186 23.59234 16.42193 12.95775 9.944231 8.458714 8.183159 7.987887 7.69508 7.230204 7.178177 6.87748 7.393242 10.21102 9.899602 8.258264 8.668845 8.224277 6.849758 6.817707 6.817 6.81508 6.817 6.817 6.817 6.945683 7.77146 8.322117 9.778587 8.584149 9.845587 9.604868 7.407228 10.17116 11.59662 13.30255 14.15816 15.42884 16.33413 17.64292 17.45707 18.91383 20.56598
650.248 533.4883 539.3712 409.2597 274.0188 132.2964 108.0066 94.49864 155.4991 271.8867 532.7482 522.4565 283.5312 220.9031 123.8054 127.0036 110.3629 98.67706 86.47337 79.64044 86.01613 96.7046 80.65892 81.35144 57.43142 55.36966 36.67987 18.44602 12.96979 10.08225 9.208814 8.74113 8.341959 8.11141 7.8078 7.695145 8.209069 6.907723 7.692057 9.771203 9.891875 9.895 8.491365 8.444698 6.826998 6.826195 6.701705 6.819209 6.817003 6.817 7.299681 7.994732 7.727268 9.950501 9.841146 11.17449 7.422107 9.286325 10.56751 11.82725 12.51794 13.86887 15.46293 16.48974 15.98608 16.55405 17.50859 18.98842
602.715 509.7939 504.2885 417.5578 267.5475 111.5873 98.35606 92.48499 133.81 235.0302 451.0072 513.3365 294.209 242.9818 144.2822 119.8965 108.261 87.37812 80.81039 73.97649 69.13103 67.99471 66.55732 82.8705 76.66054 45.65224 27.75919 19.1877 13.32288 11.54552 10.35577 9.711154 10.59069 9.270577 8.217588 8.270079 7.768752 7.032347 6.901246 8.344005 8.087038 8.154773 8.09067 9.699416 7.563113 6.835 6.835 6.833225 6.829624 6.692061 7.490009 7.762368 8.336404 8.691502 9.156708 9.516329 9.497024 8.751256 10.17442 11.5322 11.96136 14.17312 15.16966 14.78789 16.11188 16.98193 18.77536 19.05295
655.0626 476.4667 416.6993 404.231 284.7713 130.674 96.07122 90.22514 100.4606 251.759 452.3954 427.5733 283.3541 171.407 140.1342 103.7373 97.08841 89.58099 79.60561 80.02514 84.11243 55.41575 51.60509 53.13284 47.19826 35.94482 30.93657 24.51238 14.66356 13.20808 12.15867 12.23456 11.08039 11.15956 8.999928 7.819353 7.675078 7.529016 7.307782 6.909045 7.203285 7.32223 7.64973 8.341728 9.853989 6.835 6.835 6.835 6.835 6.438685 7.500957 6.817212 7.708625 9.514959 9.427128 8.591108 8.944555 9.921406 10.15356 10.17165 11.89199 12.91616 14.21751 14.42738 15.94279 17.51355 18.26267 21.12641
639.159 506.0983 435.7975 315.6334 233.1918 135.2629 107.4362 89.17664 90.90081 213.6062 434.44 406.2108 237.9951 198.2686 135.5853 109.2066 88.9313 82.79124 75.33504 71.86024 74.01025 67.13783 47.33414 40.46722 55.32309 52.43116 59.46807 35.65375 15.88415 14.88444 13.79661 13.74784 13.37094 11.29757 9.640442 8.64529 8.101718 8.041568 7.865292 7.320943 7.343978 7.898089 8.358561 8.344421 8.506773 6.835 6.835 6.835 6.834094 6.773912 5.705717 8.197141 9.349407 9.165763 8.387215 8.861896 8.346132 8.971378 10.25763 11.31004 12.01877 13.89253 12.99722 15.82854 16.22787 17.6223 18.88235 20.50427
