ocotillo/dem1000clip.txt
ncols         351
nrows         384
xllcorner     -2258879.4367059
yllcorner     92899.777456727
cellsize      1000
NODATA_value  -9999
[rows 93 to 123 of 384, columns 142 to 212 of 351]
-9999 -9999 -9999 -9999 -9999 -9999 -9999 -9999 -9999 -9999 -9999 -9999 -9999 -9999 -9999 -9999 -9999 -9999 -9999 -9999 -9999 -9999 1221.261 1148.655 1088.007 1057.863 870.3299 805.9975 577.2407 640.4255 466.3368 617.9709 562.9974 594.5808 537.4359 624.2056 709.9422 1015.366 -9999 -9999 -9999 -9999 -9999 -9999 -9999 -9999 -9999 -9999 -9999 -9999 -9999 -9999 -9999 -9999 -9999 -9999 -9999 -9999 -9999 -9999 -9999 -9999 -9999 -9999 -9999 -9999 -9999 -9999 -9999 -9999 -9999
-9999 -9999 -9999 -9999 -9999 -9999 -9999 -9999 -9999 -9999 -9999 -9999 -9999 -9999 -9999 -9999 -9999 -9999 -9999 -9999 -9999 -9999 1245.318 828.2245 945.9222 981.3928 997.404 877.9496 644.4358 461.3361 613.7659 827.6359 799.2988 598.8496 816.1204 768.4344 1068.647 982.4815 -9999 -9999 -9999 -9999 -9999 -9999 -9999 -9999 -9999 -9999 -9999 -9999 -9999 -9999 -9999 -9999 -9999 -9999 -9999 -9999 -9999 -9999 -9999 -9999 -9999 -9999 -9999 -9999 -9999 -9999 -9999 -9999 -9999
-9999 -9999 -9999 -9999 -9999 -9999 -9999 -9999 -9999 -9999 -9999 -9999 -9999 -9999 -9999 -9999 -9999 -9999 -9999 -9999 -9999 -9999 1117.175 929.5769 771.559 801.3483 758.8254 928.6578 652.7112 600.9384 762.5294 1222.235 904.2092 785.5687 838.3167 1076.801 -9999 -9999 -9999 -9999 -9999 -9999 -9999 -9999 -9999 -9999 -9999 -9999 -9999 -9999 -9999 -9999 -9999 -9999 -9999 -9999 -9999 -9999 -9999 -9999 -9999 -9999 -9999 -9999 -9999 -9999 -9999 -9999 -9999 -9999 -9999
-9999 -9999 -9999 -9999 -9999 -9999 -9999 -9999 -9999 -9999 -9999 -9999 -9999 -9999 -9999 -9999 -9999 -9999 -9999 -9999 -9999 1313.191 1134.771 906.5807 651.187 797.8543 659.9454 736.8813 445.6615 588.0401 921.571 919.5073 1057.276 1151.353 1040.279 1104.814 -9999 -9999 -9999 -9999 -9999 -9999 -9999 -9999 -9999 -9999 -9999 -9999 -9999 -9999 -9999 -9999 -9999 -9999 -9999 -9999 -9999 -9999 -9999 -9999 -9999 -9999 -9999 -9999 -9999 -9999 -9999 -9999 -9999 -9999 -9999
-9999 -9999 -9999 -9999 -9999 -9999 -9999 -9999 -9999 -9999 -9999 -9999 -9999 -9999 -9999 -9999 -9999 -9999 -9999 -9999 1243.784 1022.611 1224.614 1087.749 812.2219 643.0537 653.9738 420.0968 568.4608 612.6837 681.1799 818.0612 753.6158 955.5475 1318.529 1340.512 -9999 -9999 -9999 -9999 -9999 -9999 -9999 -9999 -9999 -9999 -9999 -9999 -9999 -9999 -9999 -9999 -9999 -9999 -9999 -9999 -9999 -9999 -9999 -9999 -9999 -9999 -9999 -9999 -9999 -9999 -9999 -9999 -9999 -9999 -9999
-9999 -9999 -9999 -9999 -9999 -9999 -9999 -9999 -9999 -9999 -9999 -9999 -9999 -9999 -9999 -9999 -9999 -9999 1056.625 982.508 969.9814 936.9156 853.9473 954.8203 875.97 777.553 536.0218 467.2921 752.5053 535.6127 505.0869 620.1362 906.9738 1002.479 985.2037 1254.643 999.7393 -9999 -9999 -9999 -9999 -9999 -9999 -9999 -9999 -9999 -9999 324.5869 325.4525 325.416 325.416 325.416 -9999 -9999 -9999 -9999 -9999 -9999 -9999 -9999 -9999 -9999 -9999 -9999 -9999 -9999 -9999 -9999 -9999 -9999 -9999
-9999 -9999 -9999 -9999 -9999 -9999 -9999 -9999 -9999 -9999 -9999 -9999 -9999 -9999 -9999 -9999 -9999 -9999 1056.427 916.4639 687.2261 877.7913 583.6863 903.9412 734.6259 893.6762 463.3044 694.1678 917.4464 905.1942 928.5795 925.6344 772.2697 945.696 1241.889 872.5535 1031.95 -9999 -9999 -9999 -9999 -9999 325.42 360.6628 325.42 325.42 325.42 325.4659 324.375 326.0718 325.412 325.4138 325.4116 325.416 422.8358 325.416 325.416 -9999 -9999 -9999 -9999 -9999 -9999 -9999 -9999 -9999 -9999 -9999 -9999 -9999 -9999
-9999 -9999 -9999 -9999 -9999 -9999 -9999 -9999 -9999 -9999 -9999 -9999 -9999 -9999 -9999 -9999 -9999 -9999 1012.466 956.7404 787.5549 725.1533 743.7086 632.7669 609.5386 796.8054 420.9318 538.4112 954.3903 924.4105 817.5734 699.8873 609.2715 766.8033 1090.863 880.15 971.3138 1023.765 -9999 -9999 -9999 445.453 401.2492 446.6385 325.42 325.42 330.64 325.42 468.6716 385.3186 506.2141 326.6458 352.1034 528.3901 622.0284 381.591 325.416 325.416 325.3249 325.45 -9999 -9999 -9999 -9999 -9999 -9999 -9999 -9999 -9999 -9999 -9999
-9999 -9999 -9999 -9999 -9999 -9999 -9999 -9999 -9999 -9999 -9999 -9999 -9999 -9999 -9999 -9999 -9999 -9999 984.5706 774.7297 646.3286 587.2861 497.373 547.8304 503.1329 639.8889 391.8893 645.7399 835.1003 784.3829 832.1889 524.4437 592.5466 930.567 1103.955 1049.206 881.7296 1116.878 836.6208 736.8437 410.0202 297.8168 249.5275 360.3237 325.42 325.42 325.4132 433.3252 681.7017 443.9514 501.4312 433.3547 341.1538 387.9724 607.4281 573.2357 326.4063 325.9608 340.9839 325.4286 407.91 -9999 -9999 -9999 -9999 -9999 -9999 -9999 -9999 -9999 -9999
-9999 -9999 -9999 -9999 -9999 -9999 -9999 -9999 -9999 -9999 -9999 -9999 -9999 -9999 -9999 -9999 -9999 -9999 1054.286 920.8895 715.855 709.0093 813.8243 695.876 535.0674 437.3107 470.9224 682.0895 691.408 840.0143 702.0593 646.4075 633.7632 755.7147 1082.589 958.989 898.6649 969.9156 730.6839 404.892 440.6349 219.4773 219.3992 248.0197 370.24 447.6711 505.4847 518.8066 518.5435 431.8795 435.702 305.445 319.7961 400.6843 451.1808 504.3124 339.0619 477.4116 419.9398 354.078 327.6889 -9999 -9999 -9999 -9999 -9999 -9999 -9999 -9999 325.458 347.0065
-9999 -9999 -9999 -9999 -9999 -9999 -9999 -9999 -9999 -9999 -9999 -9999 -9999 -9999 -9999 -9999 -9999 -9999 915.462 744.8983 709.0158 679.0012 673.2585 468.5223 641.9857 478.8609 385.789 665.8787 613.5446 661.8879 585.7296 513.5374 702.4458 1004.363 1144.88 823.3209 1003.419 757.4614 591.3908 356.5604 265.2834 218.5369 289.9697 477.5804 437.2443 438.4835 490.4107 374.6482 400.5324 439.6125 283.9276 301.8185 380.7939 338.4945 407.3642 519.8862 595.6706 620.9438 366.1284 325.4045 325.409 330.936 325.1154 -9999 -9999 -9999 -9999 330.8676 331.1659 453.3685 540.6971
-9999 -9999 -9999 -9999 -9999 -9999 -9999 -9999 -9999 -9999 -9999 -9999 -9999 -9999 -9999 -9999 -9999 -9999 1088.845 1072.837 1027.703 888.0233 733.6834 677.4384 498.2039 523.8204 375.8045 515.3998 399.1099 602.3058 667.9105 438.6972 699.168 881.6863 968.7551 798.3107 854.4456 770.4741 616.3075 315.8168 198.7176 286.1607 393.7454 380.8628 321.7406 442.5039 355.4124 315.2844 286.607 279.5193 264.696 332.9912 373.7701 349.6998 603.6184 439.4091 762.5504 425.575 354.3941 325.409 385.8658 374.8278 332.6978 325.4468 325.4619 324.9765 372.1572 496.2027 363.938 496.6947 450.2838
-9999 -9999 -9999 -9999 -9999 -9999 -9999 -9999 -9999 -9999 -9999 -9999 -9999 -9999 -9999 -9999 -9999 -9999 -9999 1323.369 902.4839 781.7258 713.2496 717.942 617.8703 511.981 369.8925 392.197 382.0484 407.2146 526.6979 382.6357 447.539 813.1087 859.9717 761.6066 617.4969 582.4949 517.4924 244.812 191.7438 341.0528 305.5702 290.3972 267.8472 285.7141 337.4165 365.759 274.5942 260.4049 282.325 330.6753 291.2938 347.3924 359.4547 391.7701 410.1556 304.7717 359.4775 449.269 354.4323 337.4577 491.0182 388.7061 397.8994 462.462 438.044 521.7168 500.9833 524.8792 560.23
-9999 -9999 -9999 -9999 -9999 -9999 -9999 -9999 -9999 -9999 -9999 -9999 -9999 -9999 -9999 -9999 -9999 -9999 -9999 1171.138 991.0109 853.0385 860.1644 763.8193 816.9825 662.8969 611.2126 491.1537 369.557 369.557 534.5567 372.397 458.2845 670.1456 923.897 567.9625 502.0753 439.8733 441.1344 179.4331 244.7131 468.0066 306.7539 265.3889 253.0432 253.3642 270.8912 243.2825 255.824 301.7728 256.399 256.4723 237.7663 303.4901 286.387 304.2688 322.3845 268.968 381.4911 308.4325 363.2833 436.1329 425.5458 503.0171 496.1579 391.2287 492.3247 513.196 491.3022 528.7872 572.9308
-9999 -9999 -9999 -9999 -9999 -9999 -9999 -9999 -9999 -9999 -9999 -9999 -9999 -9999 -9999 -9999 -9999 -9999 -9999 1219.291 1002.209 1057.901 1196.13 1183.766 1049.042 693.2517 589.6613 516.9387 518.0168 369.557 452.2932 376.5726 461.3524 658.3666 692.1416 508.6913 641.9355 466.9193 291.7776 203.8343 232.7636 303.0547 418.3772 268.2477 237.7755 232.8561 245.4463 232.6559 234.8355 268.4456 232.1564 232.5424 233.6242 264.2079 302.6372 352.0308 269.2432 331.3191 279.3722 289.2945 349.605 298.8645 361.4765 381.4631 450.6512 470.7995 496.1667 458.1063 451.9201 532.587 486.1031
-9999 -9999 -9999 -9999 -9999 -9999 -9999 -9999 -9999 -9999 -9999 -9999 -9999 -9999 -9999 -9999 -9999 -9999 -9999 1248.874 1225.281 1207.406 1427.695 1420.065 1084.616 801.6572 809.7013 513.9343 394.3462 369.7243 369.597 400.597 535.7438 651.6293 530.511 464.7531 464.6547 527.3944 331.8027 246.6284 216.1586 242.2713 324.9102 280.3773 233.2146 217.9069 244.7159 222.0849 223.5596 221.5624 236.7662 243.4569 222.3109 235.9324 255.9164 249.3938 265.7005 261.8433 257.4786 257.094 251.9881 289.9636 287.4502 351.3682 381.6935 381.8449 473.1997 466.0761 440.7924 498.4543 395.3216
-9999 -9999 -9999 -9999 -9999 -9999 -9999 -9999 -9999 -9999 -9999 -9999 -9999 -9999 -9999 -9999 -9999 -9999 -9999 1207.786 1350.254 1425.812 1717.939 1476.854 1362.364 910.8351 903.4155 594.7144 416.8336 369.5195 369.6203 372.8802 415.5005 580.5697 446.7537 338.688 346.5515 437.9919 294.5763 204.0501 222.0594 320.4529 345.743 255.466 222.744 210.3761 237.7642 208.727 201.7848 211.075 211.8277 211.3034 220.2998 231.4035 244.6162 221.2419 224.5301 240.1986 238.9719 252.369 251.8477 257.4504 270.1713 278.1604 275.2093 310.8031 460.0323 465.0072 409.9428 375.5379 479.9219
-9999 -9999 -9999 -9999 -9999 -9999 -9999 -9999 -9999 -9999 -9999 -9999 -9999 -9999 -9999 -9999 -9999 -9999 -9999 1423.939 1531.972 1515.986 1610.482 1557.248 1405.742 903.4233 699.4304 621.1531 437.4406 515.9914 388.7276 369.6717 370.4675 536.5681 389.9153 315.9167 255.5372 287.4963 248.6953 204.0527 245.8306 255.208 281.4852 226.384 208.0844 213.1848 207.9866 220.3765 198.2988 207.8244 209.5078 208.3614 206.2292 220.407 227.5513 220.4605 220.2863 208.949 201.8257 202.0285 222.1384 247.0814 244.3564 250.5107 285.2885 287.912 349.5534 356.1924 372.2188 430.6758 401.7185
-9999 -9999 -9999 -9999 -9999 -9999 -9999 -9999 -9999 -9999 -9999 -9999 -9999 -9999 -9999 -9999 1463.234 -9999 1523.214 1436.181 1493.861 1564.681 1211.347 1238.566 935.0353 804.3336 595.319 538.0849 489.9656 609.1149 380.342 369.662 384.502 412.4649 338.1936 287.5516 347.3695 228.1008 216.4912 226.0007 233.4151 232.2869 234.6861 208.0672 207.1548 197.2384 193.7913 209.2091 204.947 202.4081 208.0659 195.1626 205.8367 219.5372 198.112 210.6665 203.6365 209.3033 223.9883 210.1173 191.0439 207.3396 212.8431 243.6701 262.2703 313.3722 342.6665 352.666 425.1717 401.4151 415.3055
-9999 -9999 -9999 -9999 -9999 -9999 -9999 -9999 -9999 -9999 -9999 -9999 -9999 -9999 -9999 1339.833 1252.044 1715.359 1587.557 1280.219 1147.374 1171.939 1351.982 1105.361 1020.084 823.4706 686.7635 672.1145 711.2064 528.3051 366.4596 370.2479 541.705 366.8407 288.252 286.2282 274.1492 211.681 233.271 207.5862 226.2992 220.19 223.3009 220.3337 210.0135 196.1037 207.707 208.0997 196.8481 192.3939 195.887 190.0138 211.1382 207.7195 208.149 176.2003 183.0932 195.709 179.2925 191.249 202.0997 194.8522 243.3032 273.7107 289.9792 243.6436 300.9782 330.5634 288.7864 367.2819 378.39
-9999 -9999 -9999 -9999 -9999 -9999 -9999 -9999 -9999 -9999 -9999 1510.891 1754.161 1641.235 1600.212 1223.332 1154.587 1443.348 1583.788 1154.307 1020.219 1247.482 1591.145 1277.587 1208.521 1007.861 923.9 716.2202 537.3384 461.287 312.714 393.9213 627.7526 420.6519 353.8275 344.2031 267.7706 222.6867 163.1037 225.3652 220.1015 209.0642 225.7099 220.9196 199.2149 206.7549 209.8405 207.4876 194.9511 183.7144 183.9594 194.9114 205.8368 201.2469 190.8887 167.6187 176.3244 172.006 206.8296 173.729 179.3661 228.4688 243.1427 208.1469 228.8133 316.8781 324.0774 348.0851 371.6757 355.2407 356.8224
-9999 -9999 -9999 -9999 -9999 -9999 -9999 -9999 -9999 -9999 1437.884 1387.311 1451.712 1410.368 1444.963 1056.642 1023.061 1086.823 1396.975 1034.167 946.7867 1150.913 1236.204 1214.945 1459.026 1301.959 993.6122 637.4619 462.0107 358.3909 311.2845 368.4545 423.4488 469.5957 339.87 283.0965 216.1715 245.8321 173.1996 239.7229 212.1911 198.6512 188.0594 219.9879 190.042 204.7248 186.5062 207.405 185.9307 180.5174 187.0596 202.2919 193.448 204.6594 207.322 166.7772 171.2107 183.8775 168.8391 235.065 243.1441 251.9976 254.8838 265.3909 294.8987 305.1308 293.6535 361.7327 323.9836 288.8007 337.5645
-9999 -9999 -9999 -9999 -9999 -9999 -9999 -9999 -9999 -9999 1287.845 1020.577 1187.16 1410.886 1239.301 938.7495 904.0012 1211.361 1017.24 862.4327 924.8318 1069.585 1235.178 1085.935 1117.408 1205.872 1088.621 731.3676 495.8708 415.3838 324.8838 326.166 413.8325 444.7458 304.2481 336.7957 275.5001 230.4739 191.4959 166.2565 171.8196 205.5159 205.8651 189.8953 204.72 209.2865 180.7749 202.278 195.639 175.289 199.5242 198.6618 200.3038 207.5001 208.1156 159.4603 179.4717 165.9986 223.5698 235.729 242.8107 243.7821 247.8272 257.0387 278.4006 296.712 274.4034 333.3657 332.4048 308.6482 374.7014
-9999 -9999 -9999 -9999 -9999 -9999 -9999 -9999 -9999 1464.355 1142.723 930.9579 1033.295 1157.839 1002.823 885.6353 896.7596 951.9723 823.7967 851.412 1121.926 1335.447 1074.39 943.2711 876.1157 880.1613 1004.224 637.4835 697.595 571.782 414.3657 343.4016 462.1984 449.4984 350.4441 282.3527 234.9593 225.0965 202.1609 216.8702 164.7107 149.9396 149.1841 152.0942 208.9964 205.571 174.6222 201.9294 176.754 187.5071 195.3147 181.6145 193.5583 203.8646 187.8494 158.6333 153.3881 217.9024 223.5126 230.0816 239.3538 246.7806 253.0889 270.5979 259.6095 263.7113 268.9575 294.7426 232.2218 290.9657 307.5008
-9999 -9999 -9999 -9999 1437.189 1130.034 1070.453 1142.642 1355.681 1640.006 1146.02 966.5345 1030.126 1170.393 946.0125 734.2554 879.4626 712.1705 723.7972 1034.679 925.1252 1131.707 871.6918 826.6976 817.4449 743.1902 645.9294 608.8931 497.4663 541.3298 299.6649 488.7771 570.0784 453.7326 402.2661 267.0987 250.6728 290.7572 225.1751 224.3891 212.1593 177.27 162.0336 146.6526 182.889 203.1056 173.9162 196.4222 172.8192 187.8407 179.7512 189.7704 187.8581 205.2365 199.931 150.154 212.2203 216.106 170.8534 223.0852 231.491 243.7533 202.2848 208.4045 269.0354 300.6066 304.5705 236.9986 246.6653 254.3237 315.5787
-9999 -9999 -9999 1433.879 1488.896 1178.356 1003.313 1404.866 1266.023 1550.111 1437.155 1048.566 773.3766 981.9114 839.6833 726.7952 679.798 707.8068 842.2208 814.3795 861.6496 977.8622 763.8831 783.186 716.6121 701.8263 661.3319 595.018 434.12 337.9988 370.2256 678.7474 428.4235 345.1326 323.0062 343.4018 387.3518 281.3634 232.384 220.8521 221.7828 177.6111 151.3785 144.1741 174.7069 177.7431 167.7865 186.2715 176.984 183.0831 192.2908 188.7959 198.0152 198.7472 153.7772 147.706 152.7423 204.3652 221.9966 190.0611 223.9942 247.38 256.7349 254.997 237.5455 216.4304 196.7641 233.9891 235.2184 345.2163 372.6973
1213.666 1052.398 1131.076 1061.697 1324.386 992.5833 955.916 1247.223 1046.92 1318.455 1064.479 1141.07 831.9215 827.7543 831.5568 632.6976 614.1826 776.2943 665.3513 729.4882 824.7234 862.1979 685.67 730.423 688.7777 581.8716 615.7279 438.2208 441.1052 274.6837 317.3366 440.4863 367.2017 303.3556 289.2747 295.0528 281.5285 238.5606 218.1848 223.8397 212.9486 164.1044 146.6579 163.9507 169.9595 180.348 175.0506 178.5116 187.2653 185.9666 183.1488 191.0381 196.2215 166.7489 150.4314 148.6284 166.6959 157.7945 180.6658 232.4503 228.1991 238.8405 192.5683 192.2409 189.7564 194.7636 241.8185 277.4219 318.0965 345.4265 369.5273
1147.696 903.3699 885.919 954.7586 1118.69 1162.117 843.3516 874.9384 955.7532 1061.845 1184.203 1141.814 920.4786 691.4908 836.512 611.2136 696.4357 639.2864 701.1622 647.1288 660.2195 579.9991 611.254 663.202 580.574 460.1855 436.7999 370.0863 423.7483 292.3516 415.3148 540.9839 433.3813 287.7394 265.8 253.4016 240.5556 226.2499 217.8155 174.1641 163.0955 152.1494 138.3691 152.6302 164.8707 167.52 168.7104 173.9265 184.1292 178.7607 181.6617 183.665 184.5154 163.6087 147.106 147.2684 170.8119 204.9332 195.6092 189.3459 168.3743 172.4006 231.0098 256.1663 262.6291 283.9786 301.3534 316.1885 271.3491 242.4966 275.1898
959.1998 839.4363 978.4717 830.1191 882.1667 1041.877 786.4175 778.6143 1061.65 926.187 983.4435 1148.802 799.9796 637.727 574.8116 818.4937 657.8024 612.9544 595.8253 517.4948 557.2242 494.4485 493.0026 481.1588 428.7309 467.8827 361.1776 347.2473 334.0809 308.395 537.6612 517.4443 429.012 275.0785 258.5239 245.8211 225.6728 229.9003 196.9944 217.2588 195.494 148.3368 140.7379 164.1576 157.6262 156.0248 165.3912 173.9304 182.0645 170.5866 186.2498 185.8113 174.7841 150.1583 143.3388 168.222 157.8577 222.1497 215.5498 162.2208 203.4469 202.6317 248.5538 264.3987 265.9033 284.3441 255.2223 219.785 332.5352 355.8694 377.0438
888.8672 947.1342 892.3659 739.3603 748.0369 959.1276 740.044 926.5187 1075.279 777.3341 995.5806 1039.531 696.2243 765.538 522.1004 765.4694 647.1323 539.5822 466.2589 471.2724 440.5435 450.8049 411.7337 379.8586 365.6868 341.7052 416.066 341.0656 321.6895 220.2987 316.2502 308.7418 291.2081 264.2655 239.2697 225.1754 222.4559 178.2667 202.1272 175.4257 177.1821 145.2992 139.484 159.3 147.2153 162.6432 159.3025 175.12 173.6098 166.3728 180.9462 186.5951 150.776 156.2783 141.6259 144.0492 150.1573 210.6091 156.5486 187.4362 197.9764 275.5595 218.0043 218.7933 196.7089 293.5851 307.9174 321.2022 328.9235 340.8835 330.0549
886.3614 1007.344 824.0072 854.09 642.308 797.4797 795.1509 829.8331 745.4384 715.5798 1009.362 891.618 778.9415 702.1459 579.9645 651.7535 576.3397 485.094 420.6598 424.608 403.0092 377.3129 381.1043 348.5511 330.5678 332.7169 333.8586 320.7075 321.5215 277.834 272.1272 237.5161 270.9305 257.5496 231.6498 227.8895 189.8727 175.2144 173.2782 166.2066 147.406 142.9334 140.6021 156.6061 144.0969 160.0148 157.4768 161.4357 168.1687 162.5429 168.4253 180.1911 171.9976 141.0108 148.3461 148.478 158.9787 150.1604 171.9332 200.0367 212.7342 227.2643 195.3439 195.2241 278.7433 307.6975 294.6238 278.9142 339.5512 317.8801 357.4741
