ocotillo/dem1000clip.txt
ncols         351
nrows         384
xllcorner     -2258879.4367059
yllcorner     92899.777456727
cellsize      1000
NODATA_value  -9999
[rows 248 to 278 of 384, columns 142 to 212 of 351]
409.9943 482.4907 433.5923 300.3036 256.5979 157.7798 131.1186 161.261 146.6054 116.4359 115.3613 125.5566 74.66943 49.61374 47.33968 45.99593 44.50191 42.331 39.4526 37.31399 34.87323 33.127 31.8326 31.52802 31.523 31.223 30.6086 30.57308 29.67859 29.07423 29.9868 27.25289 26.639 25.115 26.63942 27.5236 28.464 29.11029 28.15302 29.68853 29.03024 28.20533 29.66935 29.67158 28.7646 28.155 28.14291 28.15145 29.37783 29.97218 30.2756 31.1892 31.7988 32.4132 33.3228 34.2372 35.4564 37.2804 37.48146 39.006 40.61369 41.806 43.50324 44.89018 45.22569 52.07783 63.80743 67.97965 64.77645 78.81873 170.8921
439.5749 407.1535 313.0347 227.9636 219.1253 151.5757 121.545 125.5105 97.51097 91.17355 159.1855 161.0929 76.55798 49.79323 44.79086 43.64122 42.191 40.05403 38.53122 36.41145 33.9662 32.1278 31.2182 30.6134 30.6086 30.3038 30.919 29.6822 28.7815 28.17294 28.1582 26.3342 25.72878 26.6342 26.639 28.15542 28.36161 23.98527 29.68963 28.14125 27.933 27.76669 28.16368 28.14886 28.1502 28.155 28.155 28.1527 29.55094 29.36112 29.97 29.98474 30.9692 31.7988 32.72055 33.62616 34.55141 37.28029 37.00978 38.30525 39.80973 41.59698 41.39447 41.71206 45.69971 47.9122 55.32935 95.2139 69.65924 86.08053 124.0604
488.9011 402.2148 320.165 254.8681 171.7244 150.4091 148.0923 133.8844 102.3343 80.18042 109.1429 66.66998 80.70612 47.8785 43.48394 41.10245 40.98455 39.15309 36.8494 35.1854 32.747 31.21508 30.0038 29.7034 29.6142 29.3942 29.70991 28.46965 27.8534 27.20184 28.15621 26.34285 25.115 24.96899 27.55909 26.93582 24.56909 27.72308 27.5416 26.652 30.03561 26.52171 26.63025 27.23172 28.13814 28.14742 27.85459 27.60556 28.146 28.446 29.3604 29.9737 30.58077 31.194 32.10047 33.32055 34.24661 35.4716 36.41065 37.81375 38.71593 40.2841 40.24584 41.507 41.79733 47.76035 45.22544 57.59778 87.7525 86.8239 98.72649
516.8003 402.3339 289.3762 266.9173 168.7187 134.1981 181.7506 129.3907 135.0291 89.90509 147.9378 100.8118 50.21148 46.51844 42.08939 40.23776 38.85202 38.8382 36.095 33.9614 31.8326 29.68975 28.175 28.16969 28.475 28.475 28.15981 27.5486 27.5438 26.94862 26.3342 25.115 25.41829 25.73268 26.6342 26.64778 28.15699 23.57438 26.63639 26.72881 30.90306 28.16929 26.31434 26.6549 26.69983 27.51946 26.59851 26.62609 28.77644 28.146 29.0556 29.66047 30.2796 31.1892 31.494 32.7132 33.94297 35.4411 35.90179 36.91545 37.61768 38.62297 39.10527 39.8721 40.5929 44.21485 44.99697 54.31717 67.48528 73.90919 88.20583
396.7975 382.1908 272.8372 206.6421 148.8619 127.3288 146.3284 118.1631 119.1165 119.2186 107.5264 97.18467 52.24793 44.16039 41.51752 38.84526 37.319 37.0046 34.271 31.543 30.9134 29.6894 27.86047 26.651 27.57142 27.5606 28.16861 26.639 26.3294 26.32667 25.7246 25.10729 25.12052 25.115 26.64881 26.63124 27.18453 27.51322 26.33258 25.11283 24.22693 26.0176 25.108 26.0224 26.3272 26.63864 26.61414 25.74507 27.82052 27.19406 28.60749 29.05122 29.6652 29.6652 31.194 32.1084 33.018 34.41908 34.80236 35.766 38.50834 36.90181 37.77538 38.82738 40.59736 42.01487 45.99849 52.86896 66.71503 68.11663 89.0672
482.4718 364.4227 157.947 144.9632 125.1228 116.219 141.578 171.8388 153.8056 117.7526 122.6956 97.5732 53.0363 42.61086 40.17875 37.31968 36.095 35.4806 33.36168 30.6086 29.0894 28.17975 26.651 26.0414 26.651 26.66224 26.639 25.72297 25.4198 25.7341 24.8054 23.89052 23.59545 25.13765 26.02959 26.64589 23.42351 26.01514 25.09183 29.48058 25.78519 25.108 25.108 25.7128 25.7128 26.3224 26.10351 25.09672 26.62084 27.52657 27.06559 28.49314 29.04554 29.66059 30.8935 31.49999 32.41618 34.20959 34.306 35.406 36.21711 36.40599 37.65699 41.78635 42.02031 42.91383 43.88018 49.74518 70.76022 100.7329 110.1746
398.9132 316.7597 207.8784 127.8844 152.7307 108.173 127.4486 135.9203 265.068 108.6177 130.8702 64.72363 47.48262 42.12264 38.01978 36.09949 34.5758 33.3518 32.4374 29.699 28.17305 26.64452 25.7318 25.127 26.04984 26.64464 25.42538 25.115 24.5006 24.211 23.58863 23.88725 23.59381 24.8054 23.59835 25.81804 27.86517 25.108 23.57916 24.79725 25.42405 27.35147 24.50364 25.04309 25.10342 25.42173 23.74634 25.098 26.3124 26.62316 27.53044 28.14093 28.45724 29.66933 30.24839 31.19994 32.23925 34.203 34.07489 35.30994 34.706 35.41031 38.27641 45.10224 46.40159 53.38126 57.31036 108.5477 89.54545 72.94711 71.942
247.321 212.8326 138.1002 192.6203 188.1161 111.3 131.4682 133.9037 187.4207 112.9741 110.9056 57.54958 47.3138 40.81822 36.82707 34.2662 33.67081 31.8278 30.91011 28.47126 26.3462 25.427 25.1174 24.8174 25.12532 25.115 24.5006 24.19689 23.8958 23.591 23.28066 23.6006 23.58407 24.31262 24.221 23.4659 26.32571 24.49071 23.584 24.19347 23.89597 23.88583 23.624 24.50143 24.8184 23.58785 25.09317 25.70809 25.7028 26.622 26.9268 27.53352 28.146 29.06487 29.67 30.8844 32.11136 32.94047 33.76834 33.42385 34.33247 34.76702 38.82746 41.38811 46.62596 58.72945 79.24287 70.7636 61.10508 62.33101 62.72921
222.087 191.1672 166.6748 194.105 129.8509 108.1714 105.4418 138.0239 175.8735 156.0534 93.58343 74.22337 49.27615 39.33722 35.4806 33.35888 31.53369 30.9134 29.3942 27.271 25.44018 24.5126 23.603 23.9078 24.5126 25.12257 23.591 23.2862 23.58074 22.36183 22.067 22.05756 23.58199 24.5121 25.12431 23.87172 24.8032 23.884 23.584 23.884 23.884 23.57926 23.58587 23.68946 23.584 23.58088 23.62258 25.098 25.098 26.01237 26.622 26.622 27.8412 28.44703 29.67324 30.27528 30.92924 32.09566 32.69902 33.40718 34.23161 35.77019 41.24116 41.51448 44.67194 47.05467 55.7219 61.09177 64.21563 59.02953 71.46111
204.9367 316.6147 225.9333 235.5879 166.4482 111.5795 93.30002 110.5049 138.2099 89.81576 85.42991 67.42287 49.23288 37.78711 33.6614 31.21786 30.31032 29.699 29.09536 26.34743 26.4462 23.603 22.99145 23.2982 23.57058 23.59028 22.3718 22.4118 22.6718 22.3724 22.367 22.367 23.58621 23.631 26.023 24.42427 24.50788 23.58353 22.97895 23.5756 22.96878 23.5792 22.36 22.97954 23.5792 23.71276 23.574 24.19023 24.4884 25.7028 26.3372 26.622 27.5516 28.1459 29.0604 29.97219 30.58546 31.181 32.0878 32.705 33.62512 42.4586 42.4586 50.39646 46.72451 52.73977 55.5722 64.74595 60.12589 56.18038 64.03658
221.963 250.0353 197.9734 230.3153 162.2106 117.6094 88.34232 116.0473 124.1631 90.69003 110.1963 60.57697 45.71548 36.45795 31.78229 30.13115 28.45424 28.175 28.175 26.35543 24.8174 23.3669 22.6838 22.6886 23.5814 23.24673 22.0622 21.75602 21.76152 22.07462 22.0696 22.9766 22.667 24.8054 25.71441 25.59944 23.88237 22.82742 22.37442 22.03831 22.35596 22.65999 22.06 22.36 22.06 23.71199 23.2644 23.574 24.49153 25.09539 25.4028 26.46923 27.2268 27.8412 28.44579 29.37165 29.66095 31.181 31.7919 32.7002 37.36884 42.4586 42.69361 45.30272 47.41809 54.01798 51.88726 56.38416 45.78447 47.89456 49.82091
286.1621 180.1045 145.8406 239.2228 164.1311 98.12041 111.1058 140.5926 96.81323 113.1082 60.44825 55.47454 50.40207 36.78659 32.70743 29.40108 28.42458 27.37763 26.79202 25.46894 23.54747 22.38211 22.079 22.079 22.967 23.2915 21.1526 21.1526 20.543 20.84182 20.53815 22.6799 23.2862 24.46639 23.59897 24.184 23.27843 22.35675 22.36 22.05653 22.06 22.36396 22.0699 20.43462 22.06618 22.34433 22.97192 23.5644 23.87097 24.7932 25.7076 26.6186 26.622 27.52884 28.446 29.30645 29.657 31.18157 31.48219 32.4002 33.31866 42.46555 42.46469 43.78183 44.13287 47.85507 42.92318 41.31603 48.24815 41.29371 44.24752
379.8735 169.5821 137.152 153.8102 147.2387 113.3015 83.18082 82.95417 82.71855 84.60422 57.64432 61.64195 48.14676 36.40406 31.85687 29.36057 27.47822 26.84473 25.25533 24.62074 24.03246 22.1898 21.66185 21.8635 22.067 22.3022 20.22908 20.54881 20.543 20.83942 22.163 21.7574 22.86014 24.21745 23.62169 22.66911 22.35884 22.3648 22.06 22.05574 22.05467 22.05656 20.61536 22.60987 19.17314 22.05 22.44757 22.9596 23.8788 24.79805 25.098 26.01466 26.622 27.2268 27.83529 29.01999 29.35429 29.95919 30.8697 32.9406 35.69646 42.449 42.46592 42.4586 42.4586 51.58927 41.46088 43.58604 39.10079 47.18991 46.51819
211.2875 206.2197 144.8889 106.7214 109.3175 118.1812 178.6568 78.46333 61.60651 73.97754 74.72557 61.75769 47.80793 35.37537 32.31271 30.22952 28.27535 27.57636 26.63308 25.74958 23.40665 22.72221 20.71822 20.95281 21.14157 20.566 19.66542 19.33112 20.54269 20.543 20.543 22.6518 23.59108 23.283 23.28843 22.98048 22.05259 21.7552 22.06 22.06 21.1456 21.9607 21.72877 20.836 22.10819 22.05 22.36407 22.6548 23.5692 24.79151 25.0932 25.398 26.6172 26.922 27.81298 28.4378 29.03988 29.657 31.18915 31.7858 42.4514 42.4586 42.4586 42.4586 42.4586 41.83763 37.407 38.24286 42.34777 44.55143 47.85258
342.2928 156.3759 121.536 99.94926 114.97 107.2617 162.0306 144.5891 62.95691 54.97211 51.73189 52.26173 43.14327 36.34605 33.90675 32.73856 31.41905 30.15923 28.02479 24.99902 23.55709 22.38722 21.57952 20.6495 20.25534 20.56593 19.49715 19.026 19.97474 20.64578 21.66237 23.078 20.779 24.40848 23.90431 22.0586 20.52886 20.8312 21.136 20.53867 20.536 20.84505 20.536 20.25684 20.42037 21.446 22.0452 22.05042 23.2596 23.8788 25.0932 24.7932 25.7076 26.62914 27.55353 28.133 29.26091 29.3522 30.56599 31.7906 32.70057 34.22889 34.529 39.89921 36.80972 37.45367 36.82307 45.69371 67.20693 44.6441 76.39992
361.091 213.8653 120.5989 112.5867 92.96033 144.9469 129.1718 96.12683 88.33107 52.21891 48.43732 43.72464 41.791 39.06656 35.73793 36.29372 30.83553 28.17432 26.65068 24.87867 22.95847 21.76082 20.62317 20.51977 19.60303 19.65739 19.11597 19.34561 20.18126 20.68617 21.41218 22.41519 18.56205 21.29513 22.65865 21.45971 19.85547 20.536 20.536 20.536 20.52928 20.536 19.63901 21.25759 20.526 21.13634 22.0452 22.97192 23.2692 23.2692 23.86925 24.7932 25.66831 26.6172 26.84602 27.5234 28.133 28.73447 29.957 31.75617 33.91774 33.8594 35.14687 38.67455 32.16395 32.68602 37.48011 52.86216 66.24825 71.36873 60.25714
231.7543 177.6389 114.8611 98.71498 197.4986 226.0191 124.4846 81.76353 73.55322 73.5116 43.50176 43.19744 41.40644 38.43526 32.61336 31.21111 27.66068 28.21397 25.81775 24.14777 22.32394 21.08248 20.23943 20.43066 19.997 18.99601 19.10583 19.38098 20.0666 20.53649 22.06135 21.40728 20.70624 21.68919 22.01487 20.53578 20.61246 20.49206 20.54812 20.4936 19.02958 21.74133 19.01346 19.13915 20.526 21.1356 21.77856 22.05 22.6548 23.27778 23.79333 24.4884 25.0932 25.398 26.58598 27.5186 28.1282 28.73817 29.65215 31.481 33.00468 34.21907 33.62405 32.60462 32.546 30.89926 47.88555 59.29734 50.67977 53.27686 55.87273
330.8104 170.2237 110.5229 118.4363 253.9606 131.7034 61.74534 135.6651 85.33784 57.07784 44.59156 40.62979 38.98097 38.66544 32.64587 28.62851 26.54868 25.22278 24.25987 23.32825 21.92657 20.75248 19.74097 19.66396 19.026 18.78085 19.04585 19.02503 20.32277 21.49742 25.72808 18.85421 23.20616 22.21678 21.02366 20.62327 19.53533 20.17081 19.62757 19.504 19.00719 19.6651 19.01877 19.05678 20.52582 21.1356 22.0597 22.06392 22.0452 22.95739 23.8788 24.1836 24.7932 25.1081 26.31039 26.9138 28.133 28.73331 29.657 30.88591 31.78274 33.61519 33.61939 29.67835 32.46324 36.26067 45.79436 43.98274 46.23191 47.72046 51.49084
205.2105 144.2189 111.6454 150.406 279.9589 146.254 72.03904 58.80542 78.13492 49.97756 42.59455 39.21249 36.945 37.47869 32.18868 28.00537 25.10523 24.20788 22.53342 22.4131 21.37215 20.24975 19.01601 19.03591 18.86938 18.76624 19.176 19.3627 20.23618 21.98072 21.79226 21.65757 21.67392 21.44018 20.425 19.94906 19.025 19.11841 19.025 19.025 19.025 19.01686 19.03469 19.01468 20.24918 20.47883 21.42814 21.7404 22.05 22.6548 23.5692 23.87718 24.49024 25.25473 25.9946 26.9127 28.14268 28.5178 29.6522 30.8714 30.88271 36.36404 33.96877 35.04283 37.15726 38.79452 38.96834 37.23018 47.78758 45.94534 48.3086
314.413 134.042 130.2771 323.0342 237.523 130.8571 81.70731 57.87796 72.90219 43.4573 40.67095 37.03348 35.41388 34.70434 32.79921 29.78928 25.85202 22.25641 22.02142 21.64518 20.72871 19.58992 18.99063 18.88012 18.34975 17.75583 18.64188 19.11593 20.47582 22.20115 22.00275 20.64796 20.58622 20.35007 19.34442 19.525 19.025 19.41976 19.025 19.02288 17.48092 19.03446 19.01862 19.77197 19.512 20.09461 20.63823 18.64624 21.72083 22.07351 23.56243 23.874 24.4836 25.36631 25.9957 26.90916 28.1282 28.133 29.04739 30.74067 31.191 33.00342 32.7019 31.9323 33.47041 35.38218 36.11884 37.32363 49.44465 42.14957 49.62233
195.196 121.9392 134.913 251.0704 140.779 89.46113 81.54855 58.55485 46.62228 43.28161 40.47182 37.94904 35.17663 34.12724 30.91677 27.99174 25.55298 22.7943 21.87537 20.73898 20.51395 19.15618 18.67815 18.9857 17.82072 17.54565 18.34819 18.88215 19.86584 22.04156 22.0662 21.21194 20.525 19.03153 19.01568 19.02438 19.02617 19.025 18.62073 18.05918 17.52201 17.525 18.77799 19.713 19.22468 20.31327 20.073 19.31363 20.70469 22.1433 23.35706 23.94148 25.12853 25.37569 26.6042 26.9138 28.1282 28.13226 28.74949 29.66202 30.8762 31.48667 30.52519 31.17707 33.28884 35.5859 35.88381 37.68045 47.33387 41.70443 46.34092
197.217 131.289 226.0101 218.3578 109.1867 87.03229 74.60711 76.32336 44.45867 40.80975 38.50238 36.92198 34.55286 32.7947 30.04368 28.18894 25.36922 23.12281 21.63627 20.77462 20.13618 19.07376 18.43846 18.04591 17.576 17.496 18.22363 19.03556 21.06104 20.75493 22.00298 20.42067 19.72432 19.22017 18.825 18.9776 18.93263 17.625 17.98186 17.625 16.4694 17.67361 18.71103 18.81263 19.493 19.613 19.00508 20.71628 22.0058 21.96787 23.11253 23.60528 24.48378 25.08725 25.76176 26.69889 27.51595 28.12894 28.43285 29.66656 29.91051 30.5618 31.17868 25.23848 32.35922 32.58288 33.9385 36.71988 37.60173 39.12029 40.94065
173.9768 166.8924 306.8101 211.6115 84.08932 78.01967 54.63353 62.27113 43.62057 40.46835 38.99593 34.87529 32.90771 30.85058 29.01135 26.7858 25.12617 22.65768 20.5648 20.07478 19.18049 18.43874 17.88727 17.576 17.54978 17.516 18.89666 20.03733 21.8733 21.42535 20.96593 19.06995 19.025 18.6244 18.22214 18.71865 17.9303 17.525 17.62273 17.44347 17.52371 17.90972 17.613 18.40582 19.31785 19.75206 20.50636 20.513 22.31256 23.26271 23.53917 23.81649 24.31078 25.156 26.08684 26.99521 27.89132 28.37475 29.30676 30.29925 30.47879 28.16866 28.41428 28.90738 32.6961 32.71628 34.99651 34.68502 35.88244 37.30036 41.49614
155.1284 241.4267 267.7203 112.9448 81.00217 59.13219 62.68249 47.98726 42.33051 40.31062 38.3109 34.93512 31.70947 30.59811 27.40401 25.74368 23.29839 22.11881 20.55403 19.33415 18.47068 17.6928 17.496 17.496 17.496 17.94788 20.01921 18.9298 20.68289 22.03309 20.29437 18.82915 18.60952 17.525 17.7976 17.7245 17.525 17.525 17.62141 16.42871 17.525 17.51855 17.91746 18.70503 19.013 19.61188 20.30952 21.00456 21.40396 23.13546 23.11729 23.60302 25.09862 25.68827 26.476 27.196 28.09584 29.25519 29.79527 29.70516 25.7527 25.30457 27.99384 27.29611 30.733 37.09728 32.43964 34.54058 34.36076 37.3748 42.54657
193.9156 252.8711 267.3825 115.4355 97.38978 56.01551 48.81919 44.49707 41.19872 38.25032 35.7753 34.02192 31.00987 28.94989 27.38641 24.68153 23.21507 22.2997 19.44157 18.99572 17.7158 17.46015 17.496 17.496 17.496 19.04341 17.90919 18.28805 20.666 17.5605 19.22289 18.02151 17.92792 16.00374 16.32171 16.82227 17.53823 17.22208 16.28459 16.625 17.325 17.61208 17.80989 18.90855 19.013 20.32048 20.813 22.20063 22.41042 23.613 24.02079 23.9003 24.88779 25.89884 26.796 27.49066 28.096 28.296 29.29043 29.49317 29.59726 26.18043 28.27235 31.24718 28.22965 33.22017 38.65483 33.47839 34.23942 38.59414 45.30035
205.5673 436.7506 180.0438 95.9084 87.75187 75.45168 45.67319 42.61208 39.1439 36.87959 34.25142 31.87694 31.14706 28.01126 25.30884 23.60149 22.09389 22.28634 19.48132 18.37762 17.56424 16.52949 17.14587 17.56734 19.01591 17.77576 17.44159 18.95064 20.82506 20.4987 17.81478 17.525 17.51917 17.5246 17.225 16.625 16.22529 16.26212 16.025 16.83459 17.525 18.4063 17.90453 18.91931 19.213 20.533 22.09412 22.01905 22.69629 22.90687 23.613 23.65902 24.9865 25.48919 26.296 27.06935 27.896 28.09596 28.19077 29.19657 28.09061 28.09869 28.09622 28.71596 28.7006 33.08817 35.45821 32.44666 34.31114 37.1679 42.27568
233.4454 397.1783 119.3604 81.87773 68.98927 57.24535 43.4734 41.72246 37.22726 34.97285 32.6537 30.26902 28.95365 26.97347 24.59412 22.14117 20.62133 20.20657 18.76491 17.45028 17.3833 17.32212 17.13441 17.32907 17.49632 16.79107 17.2786 18.7864 15.05457 17.77308 18.83235 17.32516 16.91475 17.41457 16.225 16.125 16.14414 15.92233 15.93687 17.12498 17.51916 18.52966 18.913 19.70984 20.41243 20.51982 21.22131 21.72156 22.313 23.13395 23.21278 23.98639 24.52379 25.196 25.89723 26.696 27.696 27.896 27.996 28.39012 28.30279 25.00779 26.81641 27.76518 27.68369 32.99264 33.08258 31.68951 33.89341 32.27111 38.97724
360.0904 305.1761 208.9016 67.56078 57.79152 45.99084 40.40691 39.98878 35.79986 33.34421 31.14935 29.02501 27.96245 25.17467 23.75708 21.82853 20.57404 19.23796 17.32486 17.07175 16.642 16.11953 16.78993 17.32794 16.40534 16.22551 17.18015 20.67969 15.31453 18.17105 20.11845 18.93505 17.525 16.65062 15.925 15.93209 15.93034 15.33173 16.13161 17.425 17.62715 18.70861 19.72259 21.52425 21.6859 22.41727 20.5085 20.71013 22.013 22.11841 22.30951 23.19168 24.29207 25.096 25.596 26.39165 26.98652 26.93796 27.51157 27.896 27.14967 23.67829 26.18838 29.48185 28.68659 29.44715 31.38728 29.75935 31.32151 31.70017 35.55254
513.7764 275.3531 104.2954 90.9444 76.93594 45.35079 41.01244 38.07967 35.02515 32.75022 30.09686 28.25582 26.16037 25.46303 23.15442 21.49188 20.23298 18.68167 17.59183 16.88235 16.34935 16.11242 15.982 15.75854 15.98005 15.89688 17.47595 18.4837 18.85504 20.31459 18.34853 17.81653 16.81696 16.125 15.62069 15.52555 14.7194 15.42097 16.02301 17.49626 18.8276 20.02233 20.58952 23.81291 25.32679 25.5013 22.8137 22.42506 21.80111 21.70827 22.1186 23.196 24.09601 25.09567 25.296 25.89087 26.396 26.58945 26.4945 27.28476 27.13664 25.58362 28.18917 29.18834 26.34826 28.18404 29.68976 29.18526 29.07593 32.77533 40.05903
573.3104 245.8067 103.488 85.62653 69.11867 42.9493 40.48648 37.59929 34.33546 31.28666 29.36449 26.72365 25.21379 23.65338 22.59768 21.32289 19.68075 18.51909 17.30138 16.50061 16.06178 16.00129 15.98183 14.77087 14.64172 15.426 16.97938 17.60335 19.03583 18.46585 19.00261 17.53414 16.42505 15.83384 14.425 14.81954 15.12787 15.52177 15.99699 17.54274 21.13205 23.53791 30.08957 25.63209 29.01432 30.67481 24.90874 25.033 23.72032 21.60706 21.68822 23.18657 23.9482 24.58953 25.29499 25.396 26.39167 25.996 26.296 26.58881 25.48701 24.57639 27.68848 27.74993 26.22823 27.79416 27.95052 28.70854 31.30418 33.91123 59.80466
469.2058 231.2647 109.6168 71.03335 59.52803 42.71337 39.70164 37.05664 33.71313 31.23012 29.06839 27.23358 25.60348 23.614 22.53552 20.88501 19.58437 18.85187 17.72124 16.42154 16.042 16.002 15.45464 14.91515 15.06937 15.4223 16.61377 17.76103 17.69133 16.34272 16.2522 17.00788 16.13392 14.934 14.72506 15.13169 15.52491 15.83278 16.4165 20.19956 26.72437 60.83578 68.80575 56.44138 33.5109 71.82926 30.13732 27.97155 23.50542 21.41145 22.10806 22.99599 23.496 23.99198 24.896 25.296 26.3001 25.20748 25.596 25.90746 23.7604 24.07994 22.86264 26.99814 26.50392 26.0217 28.30615 28.8797 31.70326 34.61581 45.08303
