ocotillo/dem1000clip.txt
ncols         351
nrows         384
xllcorner     -2258879.4367059
yllcorner     92899.777456727
cellsize      1000
NODATA_value  -9999
[rows 124 to 154 of 384, columns 142 to 212 of 351]
758.4049 850.6692 783.1741 743.2387 681.9247 645.8516 622.3922 699.4925 606.2248 864.8582 900.822 866.0446 744.4575 675.2581 651.7617 561.3024 436.6081 475.5863 356.8366 365.7584 333.0596 354.5642 311.3986 313.9187 309.7834 331.6721 319.2274 312.9043 312.1975 307.9688 278.5564 251.2476 201.2782 267.6049 221.735 196.9999 176.7617 172.2375 181.2761 203.4271 145.286 143.4969 135.8268 137.0448 140.6976 156.2472 155.9076 156.8623 151.5216 166.9788 178.6267 154.1398 140.702 135.4276 141.6052 136.1597 148.9374 176.8303 180.8506 214.733 180.3879 189.0299 194.8519 206.95 260.1854 298.4036 275.7998 309.3501 365.3554 382.3873 412.0217
793.1793 872.5535 748.5591 730.3293 580.6335 666.5754 726.6869 550.168 725.5283 686.0782 710.1169 807.7291 666.7628 570.3463 550.7136 478.5161 359.9161 341.1955 343.6614 391.8118 299.0185 293.0121 265.2189 256.572 282.9618 287.981 314.5131 317.9242 301.4591 298.8317 252.7184 199.5154 194.7662 199.2326 179.6781 164.949 162.9474 156.07 150.1937 147.3273 143.7628 135.2109 130.1778 137.9739 138.464 155.4058 154.4149 155.9712 154.6237 162.1175 178.1448 169.0139 135.8312 140.3108 149.926 150.7548 148.331 184.6216 161.5319 187.0776 226.08 214.9014 217.4123 233.123 243.9907 249.8221 271.5288 320.583 417.7472 428.8441 449.88
628.7106 744.0812 508.7476 529.3158 462.8528 548.1226 638.0568 609.5719 599.4156 595.6653 687.3455 622.0956 502.9996 480.5329 401.0855 461.7587 379.6786 399.2338 404.5734 327.5914 300.5573 257.1761 287.1715 261.8918 284.7713 283.2334 295.0555 311.0041 296.7747 256.3541 230.6655 207.3879 188.0466 167.6174 155.309 158.0858 146.1557 144.5572 139.9893 134.0345 135.0979 131.863 131.868 136.1253 137.0448 135.816 152.8896 153.4152 146.6953 163.0113 168.3977 141.19 131.8692 155.5415 181.6862 168.1009 157.17 156.8875 202.2676 211.4226 202.1571 224.5078 208.9296 219.8848 305.0797 335.4331 353.8277 377.9446 399.0624 321.0707 406.9114
816.1909 707.7277 636.2702 828.4457 760.9442 486.9055 586.8784 459.108 499.6995 470.532 436.8186 468.721 382.4902 452.7206 412.8578 401.5653 358.1595 336.9048 293.8866 272.9649 255.1992 261.0658 273.9822 268.1497 224.1758 230.8231 307.0843 313.0928 300.7959 264.8963 257.4087 267.8125 261.3924 245.8672 224.5584 232.5126 193.1243 211.6065 191.9825 181.3245 148.0994 128.709 131.8262 135.1984 134.924 136.4333 153.2032 151.9752 151.0768 153.1944 165.4595 135.0782 130.0974 154.2229 164.8741 185.123 175.8877 159.3953 164.47 167.636 208.9903 208.0966 262.1247 244.0421 217.5951 246.6814 248.8035 279.2298 245.1496 234.8662 266.8271
778.4032 942.3806 674.4291 710.585 712.9199 560.0021 498.4155 414.8435 487.1264 417.8199 394.5133 415.9649 405.19 359.6036 432.505 311.6295 293.5079 335.3676 291.3627 277.3554 262.1899 232.7786 227.967 237.4631 229.5906 263.9623 289.9136 305.2908 294.3722 283.1966 235.4296 268.8112 265.4284 253.06 242.4918 233.6442 199.6647 205.6638 170.2615 212.5108 156.7228 138.3721 126.8379 130.272 134.2488 147.4014 150.156 150.4568 149.9169 153.304 161.6501 147.7074 129.4307 150.3203 178.4374 184.7104 191.3028 171.1794 168.4709 202.4708 249.3839 260.1202 239.1087 207.4945 198.5933 205.1185 227.2862 231.2079 314.3894 280.2036 342.4037
938.8786 760.9528 680.8682 583.8254 484.4823 542.314 423.2791 425.2493 485.3559 545.132 436.5249 435.3346 522.9556 397.9929 429.6586 281.0688 270.6249 337.5917 330.851 293.4237 281.0512 292.8796 300.8088 258.9388 260.8718 224.4796 285.1465 302.456 268.9564 271.3466 246.2307 270.2412 263.5202 252.8565 245.5144 233.0436 226.3477 220.7721 216.2791 209.6208 187.407 142.2934 131.811 125.435 132.7493 148.0117 148.5336 147.0768 148.2973 150.1296 163.0983 128.5448 126.414 144.3329 178.4056 182.2126 190.3915 199.789 214.4642 229.9184 243.9111 242.0982 261.0674 310.461 314.4498 265.1441 324.4958 384.5901 314.932 354.3863 299.4284
765.5425 732.2507 644.2203 540.4128 460.7496 424.0702 355.707 393.8876 504.3816 458.7406 492.2495 445.2051 403.7596 398.0545 307.9001 270.6781 260.3643 344.3198 301.0544 289.1625 318.1503 303.0851 269.775 241.0756 239.6999 201.3317 264.1044 294.082 261.7384 250.8546 218.3861 263.7881 254.2071 255.3043 242.743 234.1963 228.6287 221.0106 185.9072 202.3761 200.8963 156.9816 134.2712 125.4454 129.391 146.155 147.3046 147.3742 134.8828 149.5448 150.1371 116.301 152.0614 152.8824 171.4383 180.6304 187.6145 198.9204 216.1719 197.4638 231.6062 253.4823 243.9582 314.6945 303.7461 301.124 348.9771 434.7089 458.297 377.1264 507.0979
594.6326 482.9646 540.3129 546.977 513.2147 466.1908 358.828 347.1746 464.4061 404.5971 469.9151 390.7265 349.8661 298.577 280.4432 258.7628 282.3708 263.2283 332.4935 340.5824 271.4357 337.7009 264.5424 252.7808 251.7057 194.159 250.5547 256.1407 280.1869 262.2249 237.6342 224.0132 235.4898 253.781 247.6019 240.6242 223.7796 188.116 216.6102 204.0065 162.1053 183.3578 137.7671 130.4654 125.7469 139.3263 144.031 145.5502 128.9345 147.0437 128.4926 126.4321 150.8499 151.9605 169.6674 169.9424 184.5643 196.148 177.4818 216.9076 234.3684 262.1543 302.015 333.2583 367.8011 307.1198 359.5371 403.1688 478.5134 526.1985 513.1907
623.6861 480.1939 438.8552 481.7994 522.7908 415.5927 483.5378 453.273 441.7922 365.1184 414.3405 449.5699 411.3299 346.3543 301.1794 298.8986 296.375 262.3179 259.9464 322.2683 273.9845 239.6091 248.2997 244.8083 235.4538 191.8987 237.9125 235.0596 253.0082 269.1375 234.9053 220.9492 210.1563 247.8158 246.1464 233.361 219.0323 216.6289 205.3789 173.5984 174.4394 173.7607 138.5341 131.5377 128.1745 124.427 122.6924 125.0566 141.5968 143.7126 123.6189 132.4585 147.6894 148.7997 164.275 176.4187 184.6783 181.472 185.9139 223.4159 243.408 281.4903 314.4273 355.4375 394.2201 338.3561 376.5045 448.7623 386.0973 467.2176 478.0529
463.9728 424.6416 371.7345 405.7293 471.9041 419.8477 439.8378 419.6414 372.2638 391.9087 429.7672 386.2587 392.9985 421.4485 327.5441 297.0885 309.7916 245.6814 274.1981 276.1961 270.8333 285.6649 213.5689 201.2648 227.246 202.5551 239.0882 211.2181 227.0592 237.8908 221.301 194.2611 232.0575 239.4031 240.6639 236.348 231.8738 219.2028 215.6928 185.6516 181.4559 153.5208 140.3894 133.6686 128.1814 126.9574 125.7334 119.943 116.7868 140.5498 122.7006 158.6359 148.4608 147.9931 161.0586 182.327 193.2531 203.3862 202.187 230.1892 238.5877 263.0344 281.9691 330.2964 363.8857 415.2983 440.171 489.1776 483.7106 496.881 512.8879
396.58 373.7929 351.49 383.5424 382.7516 356.8907 338.6365 317.596 383.2797 344.0717 334.6437 359.885 414.386 410.4386 410.067 380.3983 369.8518 333.6395 275.5991 219.2034 254.0619 259.5436 229.5058 216.1535 180.9835 201.6072 208.5256 204.7471 223.0916 226.8835 200.5744 190.55 231.7827 239.0116 233.6339 233.1504 226.5838 226.3393 213.0934 194.1499 196.8744 164.7297 162.5406 132.659 128.791 127.8766 125.1286 122.6952 117.2638 117.939 119.851 166.627 171.4694 142.4788 152.987 157.423 158.0491 141.7702 175.7318 194.3211 227.1492 258.8084 274.8452 298.57 326.5739 379.3062 422.996 471.2492 514.7401 519.481 537.8806
487.5831 488.2101 415.0298 389.3478 457.2502 454.5666 467.067 352.9442 285.8889 374.2416 306.2501 343.8928 360.5178 389.4791 355.6071 323.8908 362.5294 363.5708 287.9724 256.1449 211.4738 233.5052 216.3489 241.8333 235.2741 211.1225 191.1665 198.437 211.9118 204.4317 213.5365 198.1085 181.7122 214.2421 213.4797 226.0071 215.4393 220.8751 205.608 203.5712 199.2282 166.6833 151.8862 163.9689 131.8312 128.603 124.8238 122.3902 121.8737 121.1614 113.4702 147.3887 147.316 136.3598 142.5862 147.604 141.9136 163.7179 184.381 216.5137 238.8785 264.1998 289.2519 302.4915 342.2768 379.2233 431.5714 477.773 519.3348 556.3917 599.8993
543.2053 523.2292 517.4485 498.4387 489.1292 461.7346 404.0859 331.0214 361.2994 324.1289 326.5274 361.803 395.95 399.8417 360.3139 401.1717 357.2294 342.0107 299.2551 245.1739 291.528 265.5606 256.4143 223.1908 199.6521 168.4559 177.7242 180.1603 203.6756 221.714 205.593 201.9565 169.402 192.468 187.7048 221.4889 219.2212 204.8415 221.7644 208.4833 178.1373 164.9334 155.3376 144.498 148.451 141.0083 135.3676 121.6432 119.6998 119.647 118.3886 139.1496 127.0631 121.9933 153.0302 163.2271 183.9026 188.4099 219.7245 246.999 272.9316 294.1321 316.1554 356.3327 371.6028 379.2947 442.7549 495.0929 519.7027 570.4656 630.2352
561.0388 518.5957 465.9056 420.9272 483.055 420.0812 448.2426 381.4303 304.3976 307.2115 352.4773 379.9526 381.3359 380.3427 358.988 340.3883 379.375 277.7822 254.3695 253.9565 234.5223 234.1213 209.4812 192.0209 179.182 211.413 200.9231 174.3231 177.2682 179.3031 175.4424 191.3627 188.785 188.5097 191.5073 197.8015 187.6218 211.8855 185.7463 217.3638 198.4048 199.1496 196.7938 183.8319 188.099 150.9473 140.983 137.9303 128.1566 119.657 119.9739 131.7707 120.8702 125.0553 141.3819 176.0394 185.9054 207.1083 232.6101 256.4547 283.0524 300.4593 311.7766 347.5495 398.9682 430.5183 466.3569 533.89 566.6815 600.5807 623.8738
491.0659 523.0065 489.0702 462.6628 479.558 534.0893 455.6923 359.7554 324.1088 292.1987 292.094 367.1203 353.3932 437.9531 368.7368 336.9024 314.116 259.986 230.7031 217.429 216.4995 187.3459 207.3926 213.3987 219.5384 211.7791 209.7424 197.2427 156.7149 160.0679 168.7364 167.2368 166.5936 166.2591 177.9084 181.368 182.1803 187.3436 186.5719 203.0088 207.5168 192.4999 205.9319 205.3152 199.5885 173.121 141.6121 137.3038 133.9697 125.055 116.599 114.1638 116.659 137.0684 128.7912 177.5806 188.6718 205.4717 234.7841 262.5121 276.5476 304.4974 329.9388 373.4517 384.1687 466.3876 514.4692 567.7467 606.4218 644.4641 618.9966
523.6185 503.9711 498.3647 455.1919 484.8037 502.2191 486.539 480.9767 323.2593 353.0018 281.909 275.2022 306.1794 276.1465 335.4304 308.0648 237.928 229.3501 230.2843 241.5998 245.0602 239.3914 250.6297 249.344 235.6889 243.6851 200.0569 191.1676 180.9825 194.9175 153.9567 160.1227 158.9882 159.9063 158.6784 169.1007 168.4282 170.1488 190.2751 196.6797 188.739 196.524 178.3957 197.0444 193.6354 186.5705 146.531 138.0838 131.839 128.7814 117.5589 114.4142 131.8342 147.4134 145.2058 169.3207 151.322 207.6227 239.1614 263.5489 279.4529 314.1195 323.8294 413.4832 456.8929 490.1388 487.998 592.0007 639.6313 670.2059 676.1305
541.0973 452.6108 444.0738 500.6321 432.0306 435.4878 414.4856 386.3788 348.7021 438.2065 406.5304 336.0783 299.3736 265.3808 225.3112 262.0093 277.3727 316.1786 305.7906 290.0432 285.0413 265.8026 230.4714 210.7611 220.6877 218.3384 242.5424 215.6218 202.8583 190.5072 195.9614 182.1372 152.1373 145.1526 154.4503 153.4872 150.7936 153.1022 158.9739 156.7825 172.5434 159.3755 158.663 159.3989 152.4332 168.0654 175.9894 137.6051 131.8398 128.4875 116.597 114.4812 125.077 161.2567 175.8962 188.3259 195.2251 184.4766 235.5452 292.2748 330.0859 354.7148 391.5239 432.6733 414.0674 452.3368 513.4155 588.4943 614.9433 664.2073 715.5582
531.9089 466.3596 477.8608 520.9952 439.8604 449.5095 433.2385 422.0175 372.8198 365.613 471.4841 361.6774 396.4619 325.8765 342.4389 297.0857 300.2496 361.7141 315.0148 321.119 268.2679 263.0021 262.793 230.3347 223.4198 195.5641 188.4348 207.6146 198.363 177.8502 176.6112 171.1265 149.9909 153.5638 145.3811 143.6859 145.1647 145.0011 144.0568 144.7685 147.6798 147.0846 142.8374 138.42 138.5398 135.9622 140.2544 134.7574 131.839 125.7456 114.1662 113.2462 137.1262 173.1142 187.0178 202.6416 214.6927 224.566 296.4046 321.6474 371.3317 406.4659 441.299 475.1495 484.18 507.0562 538.4324 572.5823 535.3585 552.2928 494.6246
517.2149 524.4128 431.1143 483.5702 409.9291 490.5852 433.331 396.6029 310.0505 405.2319 408.7639 393.6921 412.3388 439.2904 393.0468 398.6686 354.2103 311.1239 356.1723 286.4641 278.2163 226.2882 219.7822 228.59 199.0999 191.2075 189.8701 181.7659 168.8322 177.6717 171.6097 173.016 167.613 168.7558 173.9423 149.7198 143.9425 137.4478 132.4685 139.7202 140.9194 136.1673 128.6176 128.7275 131.5069 128.6318 125.9492 126.423 128.7831 125.4283 123.6048 113.975 159.2404 172.2157 215.3243 222.3267 237.0328 267.7538 311.8712 328.3212 340.5391 390.0911 413.5862 419.4836 453.7268 459.689 377.8443 361.1714 367.3551 387.7005 411.944
500.8499 475.9453 493.9264 465.1254 486.947 461.0536 467.5918 335.6417 318.8593 297.7665 269.1735 275.7599 365.6844 397.9969 324.2115 359.4322 360.0753 358.6108 337.162 278.721 292.4864 256.4221 248.5475 235.3792 220.8513 224.2754 197.7641 175.9047 189.1857 190.0517 202.7834 195.5947 192.4329 188.5563 186.6772 177.8932 158.4797 146.3283 137.0197 132.1506 131.8487 126.1583 125.6286 122.5644 120.2954 119.9208 118.5354 113.2898 114.063 116.672 120.8894 113.5492 115.6798 127.0691 169.8316 197.696 215.8376 226.1464 162.7626 167.8503 238.3403 257.9822 263.5863 278.5583 293.3741 292.761 286.0166 294.2608 316.6415 342.0314 380.3349
557.7726 569.6749 588.293 444.4682 457.4716 362.5753 347.6882 339.5025 411.8296 409.4052 442.7449 371.3594 289.0343 259.0031 276.4192 290.866 336.2654 347.2328 315.1637 310.0154 278.536 238.2237 261.3894 247.5939 217.8641 207.1344 189.398 209.2388 220.3929 220.1773 211.0493 204.8572 192.8624 195.2588 169.8584 183.1926 160.3343 137.3063 137.5438 137.6201 135.805 131.8378 128.7945 126.6567 123.7565 121.4981 119.7321 116.6805 128.2688 110.5039 105.9287 110.803 139.4468 162.3135 148.8792 161.7156 197.7617 210.6001 223.2372 236.9261 260.838 253.9009 280.5243 279.889 270.209 275.4051 290.4443 266.0556 323.7114 347.4316 374.0051
594.5631 676.3397 558.9345 440.4088 450.4434 452.9352 390.0243 365.1688 465.9565 465.2413 407.2821 320.1718 290.4402 315.787 242.3365 273.3057 288.9805 289.073 310.1444 301.1944 260.4435 260.0902 259.0431 236.0966 211.4905 201.6322 230.839 204.0076 195.6629 170.4931 157.1247 158.5619 150.727 150.2506 147.4717 142.953 141.8912 155.4042 160.498 155.908 140.0724 137.1994 145.4302 137.3226 140.8182 138.9295 133.544 156.0177 169.8621 131.2563 109.9443 107.8353 119.9376 165.3493 181.4833 205.667 216.2759 228.7354 226.6707 241.6213 239.9105 258.5103 270.4448 280.8196 293.7339 299.8448 300.5236 314.5348 334.1662 356.3003 379.8315
574.0416 645.5488 633.4876 510.4419 512.617 485.7784 385.6847 438.425 488.4446 471.0186 425.4967 388.8837 394.1874 309.275 283.0567 248.0835 222.561 281.584 282.458 269.7829 260.295 263.8763 249.5433 222.0779 221.6352 214.3633 218.5544 193.8028 178.8386 169.6454 176.7926 167.4798 168.2163 166.848 150.5405 156.1431 169.1384 169.1602 161.4994 142.011 156.3402 164.0959 147.3617 142.5019 140.2236 142.9351 157.5476 170.35 182.409 180.555 108.0429 108.4918 107.7658 124.7108 162.847 185.4002 275.6262 308.4835 287.3312 265.9564 258.998 269.711 281.6337 286.1994 300.2552 311.1259 318.7391 328.9815 356.4175 373.5608 384.4586
667.1613 486.3341 471.4603 402.9503 383.1125 363.9528 418.2737 432.0861 479.336 464.9194 413.7741 340.6664 315.4889 333.3944 304.9005 283.3191 263.0646 210.5514 230.8648 268.9374 245.0875 240.8665 241.6005 224.367 215.6883 212.4455 174.8997 186.6231 177.7851 205.8915 199.0352 197.6074 179.9 178.0165 164.9179 170.5682 183.254 176.6195 159.7688 151.5781 149.4248 172.4685 176.2522 168.8948 167.6999 159.1621 179.2747 190.6084 176.5801 114.6078 109.8615 107.4279 116.2727 157.3164 262.1327 317.7465 290.106 279.9289 290.9306 298.244 293.1768 303.8592 296.849 296.1154 307.7242 317.8743 330.6137 346.9324 310.9522 398.9681 434.4685
690.2327 532.1526 557.053 537.5386 453.779 404.1946 390.9667 377.6843 448.4889 408.4805 320.8172 355.1863 332.5772 280.3773 258.9202 275.0341 269.8464 298.7064 214.0636 263.682 250.6188 230.929 232.412 197.0008 196.5441 176.4332 194.9377 186.9094 206.9831 216.7278 196.5617 199.576 214.7082 195.3855 170.6691 202.7313 177.2687 180.0913 149.8258 152.4146 169.0789 175.2822 160.2378 188.126 172.5133 193.4755 199.2825 171.6027 113.375 108.651 106.3561 121.9978 169.1487 207.8947 233.0356 160.9059 170.4592 155.3854 152.1614 179.187 205.1063 258.5897 296.7188 313.8825 322.7936 331.5118 352.1588 386.9445 404.6631 430.1772 449.185
705.6415 602.6223 532.1626 551.4337 462.2238 348.7806 341.2255 329.606 329.171 304.9658 296.0165 272.803 274.0782 269.6591 260.98 250.8786 226.4737 230.2601 228.3663 193.4651 201.1891 187.9583 194.7151 178.6925 185.062 214.9803 182.7124 192.0526 201.9441 223.7246 211.5251 227.5424 196.0496 178.6818 180.6758 205.3219 186.3565 165.8657 179.9172 172.3084 184.4895 169.7572 177.442 203.0261 196.3765 224.7411 212.7102 132.0063 101.3439 101.335 129.6463 164.5977 201.2593 158.7844 123.815 136.6454 127.2464 141.9846 160.2436 177.6953 207.8941 221.1989 278.2281 326.3243 373.5516 365.6743 401.1347 419.7164 425.7126 426.8558 448.6041
607.1395 542.0667 482.6887 457.3446 405.043 362.9565 321.4218 365.4623 345.4133 328.8318 342.1481 332.2523 296.4056 266.3556 281.2125 252.2184 287.6236 258.7868 270.2733 236.4102 226.811 221.9474 216.7397 202.504 208.1102 241.3498 190.6488 201.1664 231.8534 219.8384 211.3629 183.4503 183.5992 216.9431 209.7164 206.5838 176.7134 164.5596 181.5954 196.8207 174.739 185.7958 201.1114 215.6258 205.5792 182.3636 154.5796 108.6583 107.8683 114.0921 128.6113 156.8059 143.0609 115.3584 113.9971 132.161 133.7003 153.289 158.1432 184.8643 195.0868 219.5469 246.8256 310.5584 462.9525 395.8575 425.0081 457.9422 505.4447 450.0972 476.6218
520.7372 570.7709 493.1494 423.1208 517.8392 454.0713 350.8125 326.9853 405.1099 392.8155 413.4686 329.5463 317.9059 307.0489 261.9615 287.8716 301.1842 280.4395 241.2449 240.1357 238.8474 240.6517 202.6507 214.3011 244.9773 204.7958 200.8193 208.0819 245.295 220.9096 202.1162 205.1647 215.2987 220.6249 213.0937 193.437 180.4686 165.957 176.345 189.0451 187.7856 195.2772 214.169 226.8678 155.9547 141.0148 116.6158 114.6344 105.2478 108.9566 107.7441 157.415 112.1598 138.673 144.5033 134.9 158.9269 172.1692 183.6353 195.6816 205.6246 226.618 255.7941 309.8802 381.7219 397.6501 449.9333 521.7393 615.7316 541.9028 458.7909
628.8571 523.8998 574.0361 540.3674 499.0278 464.7872 360.5182 391.114 432.521 379.8211 420.345 406.0399 329.3136 344.6739 307.6892 293.4262 276.4474 274.3302 270.7543 233.7915 242.2555 222.6328 222.7624 231.4596 215.9091 206.6723 222.5795 224.793 225.2428 215.3611 220.9441 228.3048 224.5099 191.9539 200.4951 193.5629 183.0435 169.0586 190.4327 184.6488 192.5226 212.5514 218.7741 165.6037 139.603 155.8013 126.259 116.5824 110.4742 95.239 97.559 111.059 140.282 143.2591 151.9898 167.9925 170.1175 188.8216 201.9376 212.4845 228.3768 244.6015 262.437 332.2147 359.9542 393.028 474.6536 567.166 630.5623 574.0437 528.0066
751.8513 742.6237 624.2411 515.3106 480.5302 455.2557 388.5536 375.618 438.8403 439.887 452.9131 429.5468 373.72 325.33 305.6607 317.4526 293.4312 285.5748 251.1117 259.0139 239.0359 232.8418 253.2871 206.2916 192.1817 231.9636 245.4764 235.3389 225.1461 231.0237 226.9699 216.0947 209.6271 218.2307 203.571 207.906 188.2592 184.4975 178.979 200.5775 209.1467 226.125 194.4921 177.4697 137.4044 128.7572 123.6407 120.4716 115.0424 177.226 169.2449 142.198 152.9904 167.7138 168.487 176.9237 190.62 202.855 211.2264 213.5186 244.7511 244.6166 269.8378 304.2952 362.1878 429.9852 505.8259 598.1981 686.8917 626.8743 571.7698
640.6025 645.3087 674.1041 611.3231 479.959 389.86 462.7841 481.2872 359.0583 339.3182 322.6994 353.1579 367.0138 328.5043 324.2231 313.0617 288.4135 272.7145 262.8882 259.0853 234.0847 210.9556 222.5658 200.0648 248.408 264.1192 259.0389 256.5674 242.2118 238.8821 229.739 220.1305 225.8981 207.6802 198.5921 202.6872 202.6281 185.7719 186.6648 204.3328 209.8753 188.91 182.8909 147.5634 129.455 118.9492 122.2169 129.6206 180.8967 141.223 118.5655 97.76526 174.0838 177.4603 183.7117 185.1232 195.8433 204.056 210.7879 210.7576 226.5937 237.0504 272.2882 338.0946 384.9323 426.1371 527.9811 656.816 901.0906 721.4639 604.7321
