ocotillo/dem1000clip.txt
ncols         351
nrows         384
xllcorner     -2258879.4367059
yllcorner     92899.777456727
cellsize      1000
NODATA_value  -9999
[rows 155 to 185 of 384, columns 142 to 212 of 351]
549.118 599.2811 634.2682 587.626 568.1893 472.5549 389.1502 424.6725 427.2084 435.4149 399.4426 375.9146 335.5955 334.2252 317.9286 306.8506 288.8931 278.4778 235.5548 220.5052 230.1094 246.8989 245.3324 222.7285 274.7395 266.8441 259.4433 224.1022 223.132 215.156 207.4213 204.2801 210.3404 194.0071 198.433 194.2698 171.2423 172.2392 177.989 186.0284 189.3541 164.2014 155.6559 151.4146 125.3339 111.5074 121.2329 105.4586 93.57182 121.9087 150.244 212.7496 217.3332 212.8568 180.7366 198.8849 178.5979 183.1112 195.8348 231.5115 248.7254 283.9539 301.8347 375.7163 388.2807 461.1452 540.3639 640.4268 788.2099 657.7092 605.7608
703.5317 506.0574 604.9265 615.4167 603.1155 575.3638 415.3838 473.1708 526.2766 473.1396 387.2963 364.4207 379.8289 297.8894 263.6145 258.5141 274.6453 268.6855 226.6342 242.7914 254.5126 248.1686 250.269 280.5501 276.6665 265.1275 240.0938 232.4126 242.748 233.1405 217.3616 176.568 178.7786 169.1098 167.9988 169.398 177.6892 147.0824 181.5207 180.619 166.5532 156.5729 159.7082 129.0821 117.8721 101.3431 106.4273 104.5915 122.8854 141.9915 179.6355 136.9534 212.1955 230.4802 205.4925 220.1563 218.6342 224.0448 240.3364 262.4762 287.4116 269.2201 368.4977 356.6528 414.3285 454.084 517.5224 541.8674 578.4904 561.9255 567.2222
769.4628 603.2596 550.1744 466.2751 582.775 522.614 456.4289 463.7363 466.7075 407.7312 437.0289 381.4562 387.7459 338.6046 371.7744 294.3886 278.2847 273.3733 256.4494 244.2117 294.6578 274.4385 289.9104 261.5588 266.3079 229.7813 211.7279 199.7083 206.3815 232.5262 209.4992 206.7746 199.9654 184.2643 164.2808 167.3257 164.6511 144.7519 163.3208 175.2452 170.2046 158.0358 154.8835 131.5677 105.355 94.675 112.1184 117.4879 125.5014 177.5739 218.5578 246.2281 265.1573 268.2086 261.742 249.7643 256.6642 277.3791 290.8524 308.9258 282.4013 377.8725 394.8135 351.4848 331.3029 326.7585 394.1322 462.0691 541.6547 580.0671 612.2957
737.9579 755.3029 536.7618 516.1909 459.8037 424.5875 415.9838 474.6294 448.4101 410.3072 440.7047 429.1664 380.1995 338.9749 354.637 343.9861 268.4645 245.8868 262.5713 283.3528 293.976 270.637 238.1444 263.1439 244.8232 217.9392 218.5228 226.143 221.4497 177.2584 194.5629 182.234 187.0499 177.7277 161.1946 178.3913 154.6197 158.4891 132.3458 153.1485 149.0438 142.1162 138.3924 170.0434 98.41183 103.7646 108.7637 104.3619 136.9635 186.9554 236.2827 256.3784 274.1401 290.2952 294.2554 288.6647 297.3952 366.0698 383.8809 420.2661 425.324 313.3968 446.4592 469.183 434.4717 405.1193 357.7351 547.0142 531.5936 502.2203 588.8282
645.3201 686.7328 614.4691 571.4639 505.1743 544.3359 461.5931 482.9812 460.8419 439.3261 505.0836 451.3929 392.5844 377.0404 343.4253 339.0779 268.527 285.7655 329.5161 282.5902 286.0755 264.0298 237.1239 282.4731 242.8309 230.0325 210.2532 211.7102 222.2558 190.4964 183.9125 165.3652 158.4131 148.0874 139.75 154.2986 144.6978 157.5324 134.2765 119.8192 139.8196 153.7638 159.5536 134.0828 98.97729 99.07059 111.5256 88.495 139.4854 202.3782 228.5442 261.0221 288.5239 293.6257 340.4606 341.2121 409.9409 441.2744 405.864 418.9519 439.767 467.2109 395.9725 434.8466 472.5068 517.0736 511.7644 410.2101 612.4112 623.6983 620.4081
660.4725 617.5458 645.407 603.8703 611.2128 456.9459 563.4459 421.6245 407.8904 500.8869 426.6399 451.364 348.8644 353.7833 293.7869 257.5777 260.3161 307.6619 276.3853 263.5644 259.4971 233.0058 219.6793 215.4209 225.273 236.5934 219.1461 211.9245 171.7569 187.83 192.1248 173.5672 184.1388 175.1864 172.674 156.5461 128.4123 119.3428 130.7115 121.9225 125.6529 131.254 139.4391 162.2921 97.96361 86.08109 122.8262 155.8203 172.9047 183.9817 214.3036 254.5557 244.1346 318.8751 509.9823 385.3326 387.0754 354.9003 408.6879 415.5748 458.4015 496.8159 517.6264 509.8014 508.6993 480.1094 576.8392 539.8535 451.4228 506.7006 624.2639
536.415 657.288 625.6422 607.6833 561.7144 379.5395 359.5113 380.7148 330.6817 321.007 309.5699 391.8997 420.8143 306.1213 293.2831 320.3221 317.6949 250.762 266.6656 234.9231 251.072 263.0746 232.3127 220.5491 202.3776 202.9365 221.9177 235.3829 205.1937 191.7025 151.8716 172.5257 171.9549 171.5357 150.5561 135.8726 129.4951 143.2344 124.3018 105.887 128.3428 106.422 140.7902 133.7198 122.7963 109.0937 120.4746 83.4346 139.6223 173.534 207.7592 257.5193 333.1611 334.2492 372.8632 301.1084 344.0815 361.312 416.0453 441.3341 477.3636 513.5309 540.4639 564.8886 572.9665 574.2114 593.5808 606.0464 535.7653 663.3983 598.7839
643.4777 480.962 462.4893 532.4524 468.6982 558.6473 413.7934 443.761 425.5385 355.0898 457.0244 350.5922 325.2036 311.5993 336.0277 318.065 272.0822 272.7733 228.566 225.6936 213.5821 231.1778 213.5044 202.2231 214.6047 187.8421 196.5534 203.4003 199.5419 177.2085 173.1107 145.513 169.6682 161.3197 147.0533 158.3394 143.5183 134.9961 117.3061 101.037 114.0147 128.6321 133.0797 122.4843 141.7773 106.1822 77.86272 146.9243 171.0299 196.3234 247.2352 199.9719 275.16 362.8257 241.7878 334.7298 338.0674 379.6867 421.2515 455.0313 486.4906 474.2016 468.4845 521.0828 547.4354 603.488 601.9307 660.0184 687.1506 708.8145 563.7255
856.0458 614.8534 501.1412 452.9771 587.5929 515.3352 436.303 489.1216 537.6022 442.8297 402.5237 399.0074 396.576 362.9486 348.9112 326.8711 261.4984 274.1783 244.2294 224.5685 210.6076 213.2529 246.6913 229.7609 218.864 191.3754 169.3468 186.8827 183.1771 179.577 194.0168 155.2093 141.0405 159.7618 140.852 135.0128 159.5482 136.8587 125.0505 110.4746 91.16299 122.9286 88.99974 121.7096 110.9293 86.0842 112.4785 172.7403 122.2455 146.1548 198.3737 305.9059 314.716 257.6577 242.4609 227.8743 256.893 273.3371 301.9644 344.3039 371.7162 467.3047 452.8828 553.2084 597.1135 608.9869 630.5011 666.4553 703.4023 738.1147 666.2263
869.2029 760.472 667.3089 509.1811 553.2967 511.9079 580.4691 538.9437 522.6114 443.5121 380.5538 367.9331 342.6711 322.4201 298.6717 275.1588 275.652 227.2484 233.3534 232.3626 225.25 197.9294 233.7139 217.3583 212.4088 188.4517 183.2646 168.8788 172.1358 171.2206 145.8964 153.7063 162.3291 125.7374 141.7662 122.093 132.9174 119.2322 131.7231 106.7522 115.8334 105.9485 117.4543 78.0754 86.3906 90.57591 111.8716 96.8914 104.3487 113.7302 261.5215 260.8054 206.0901 240.0901 266.8405 255.1116 280.3583 297.8788 343.453 349.3205 369.6761 403.8495 442.8775 522.179 441.5125 573.0028 615.6946 622.8209 668.1788 687.7769 761.1025
987.5806 791.9127 560.909 591.3219 552.7103 581.613 581.209 511.1992 508.7089 440.9839 424.7177 363.5746 374.8675 382.6695 331.0613 251.1982 257.9973 245.0829 233.8793 199.1428 193.2048 216.1642 193.2782 208.4717 188.9551 180.7239 191.732 175.8693 157.7348 158.5367 161.1743 135.2383 146.4484 149.3484 118.0851 141.5769 120.8272 119.2699 109.8746 110.159 105.1651 85.27964 83.03291 83.03699 85.481 87.56387 84.4266 89.133 98.30766 132.9102 122.1201 236.9804 265.6299 267.5202 288.2439 281.7958 296.5543 310.3036 327.9193 353.5778 381.6386 400.5069 435.5616 358.056 356.4666 359.922 471.3932 572.7057 566.5225 680.8118 776.4731
1021.225 754.8486 750.512 652.3998 575.5621 579.245 513.5295 458.8298 444.6588 415.9332 410.9395 432.1432 396.8004 339.9761 339.0938 295.765 257.6814 244.9354 237.9352 256.1497 218.8612 196.143 196.0691 183.6899 177.7385 172.8739 166.8164 164.5156 164.4115 158.2132 133.9538 143.7432 141.6662 146.1265 137.9818 107.1362 125.0284 114.0893 112.1096 105.2266 94.65615 79.1754 80.28991 83.0322 83.63699 83.0322 84.25954 89.75019 97.96899 134.6935 177.2525 166.6942 142.2033 153.7605 236.9016 299.6037 314.5628 321.9277 342.5493 367.3792 388.3765 428.9364 331.0259 369.7914 410.6957 423.1591 530.0242 468.7426 653.8521 700.46 747.0298
1231.679 956.9278 774.6785 710.4468 638.642 544.9025 474.9363 486.1522 370.9351 367.599 321.0204 318.4614 317.9792 309.1697 348.2412 298.1665 255.6571 242.431 220.4468 211.5082 206.7563 175.2797 204.3322 204.8738 193.4214 196.2791 189.12 176.2682 143.9684 138.4928 128.4766 125.7346 121.4474 129.1235 107.8325 126.0564 104.3176 107.3699 102.1655 97.66373 92.18759 81.3554 80.29241 81.50409 81.21381 83.0322 85.4858 89.42827 95.84737 122.928 197.1031 270.3625 248.3557 277.1683 318.2293 234.9315 307.6941 361.4228 374.1425 393.7658 335.3502 303.8546 368.5691 397.1873 436.9778 498.5904 550.7855 363.2332 579.036 625.1834 591.8625
1225.151 944.033 797.6827 723.4402 610.9938 600.0807 552.618 488.167 481.3021 356.3216 314.845 293.4938 292.4028 264.7578 228.9709 208.7824 256.1655 234.7711 207.4779 202.9124 178.2353 169.3983 197.5527 221.8601 235.7856 198.0741 191.0525 177.3938 172.672 165.5294 133.2802 134.9436 136.2923 122.4716 117.5011 117.499 114.4379 104.7029 90.44754 87.15325 84.73699 77.85229 80.59602 80.29064 79.9818 80.589 83.9613 86.47468 92.7962 100.0766 170.4874 268.6844 243.0935 321.4843 333.1864 364.6476 322.9823 318.9806 310.1921 284.9532 398.0205 361.9016 389.0494 485.291 388.1462 482.6575 556.6471 507.6076 414.5409 419.1145 438.298
1194.67 1100.801 866.7835 596.7554 556.3258 506.466 532.0463 464.9071 433.7231 367.912 340.7386 278.4568 245.5282 257.2149 282.9014 226.7168 207.495 200.0571 181.6327 179.8386 175.7668 170.7346 164.8935 208.061 199.9003 209.313 191.1947 176.0014 156.42 171.4649 171.1768 168.1361 155.921 151.4964 141.561 128.6302 119.9305 113.5462 108.3641 101.0114 97.36555 91.889 79.97939 79.989 77.84988 77.241 79.989 85.4706 88.73627 92.29041 139.4526 213.2722 257.0507 287.535 282.4057 321.5462 400.8777 411.0272 408.8535 296.7548 394.8424 433.3976 373.3295 396.2928 394.1015 439.3842 471.9269 574.8895 606.0252 509.6397 545.5678
1413.047 1083.017 866.1197 687.405 527.1543 516.4849 460.3091 466.0916 492.3002 312.4297 320.5681 272.6599 342.3009 368.9804 296.7577 254.8347 221.122 209.5674 214.1787 221.6969 189.7207 166.8519 154.8989 183.1117 202.688 215.0483 206.1859 210.7627 193.5784 175.9135 156.2562 156.0407 141.0702 131.8738 131.6934 121.7578 117.8392 112.5193 105.3848 95.22882 95.14362 82.73078 77.8554 77.25331 76.94099 78.15079 81.2066 83.63699 85.48705 93.72365 112.8032 233.0439 169.2443 202.6934 211.275 226.0852 303.2361 319.5112 343.5001 366.0715 318.888 438.8188 449.3727 504.8488 412.5417 517.1418 530.1407 627.3221 607.895 677.1904 676.4325
1216.307 1135.363 871.2256 651.4509 541.2296 438.3825 428.2942 471.9059 382.091 330.1098 292.3648 361.8149 352.5382 327.171 325.004 242.2579 232.4417 239.1791 200.8646 205.6811 189.2477 172.3672 157.8926 171.5402 164.6276 188.9617 188.1282 189.4156 166.7117 142.5312 132.7193 123.3398 116.6089 117.4401 115.4101 109.9915 107.442 110.4881 105.6273 91.57928 95.81699 89.12926 89.445 78.76579 70.84486 76.93777 79.37198 80.8986 82.77626 86.701 110.5433 161.1845 279.9634 333.7135 343.3265 248.8415 225.8478 291.4579 342.3636 395.8196 361.2971 420.1135 420.5892 530.3695 542.5256 482.2916 578.3126 574.918 653.3906 629.0209 775.7012
1143.069 984.3179 1006.613 739.5716 486.0448 453.3747 518.9932 390.7661 408.9218 315.3194 317.6021 398.0892 393.5288 334.2709 269.3871 268.8814 236.931 202.5752 212.1153 206.6165 195.2707 170.3788 183.0593 154.0534 157.8692 164.0633 142.1924 134.0055 131.0439 127.907 123.249 139.1222 138.7529 112.6053 112.1306 105.215 105.4112 101.9873 99.97674 97.36562 95.53424 90.96832 88.20899 78.73045 76.94099 74.66499 76.64189 78.16579 80.00202 81.52995 89.1506 129.4336 218.5366 308.9364 351.2242 390.6295 356.027 328.1384 370.0015 409.3491 440.6821 406.6715 384.2056 434.4238 553.5514 595.8084 603.5749 640.8219 653.8463 740.0342 735.2338
1030.021 805.0468 944.1035 825.4348 575.8401 452.5431 428.0544 456.4509 423.29 455.2823 364.5457 404.4181 320.6361 340.9223 313.8868 251.4679 257.9005 215.6478 192.4247 207.2979 200.7894 194.6386 159.1438 183.3254 169.3058 152.4635 159.503 151.9567 146.1665 157.0484 166.3298 153.5748 141.8259 128.665 127.4772 116.4723 108.1093 106.2441 98.55889 95.2684 91.56503 89.4856 87.80011 83.1874 76.9362 75.12084 73.74899 77.54099 77.26286 79.40077 87.62975 122.6421 224.7678 278.3349 345.3306 294.0621 338.2657 428.3927 390.6768 408.7537 396.4431 500.3395 523.8461 494.6462 512.8143 591.3294 631.4167 725.0114 646.4523 853.1855 785.3463
1144.201 857.6066 824.2887 720.1116 598.8207 471.4183 435.7584 448.8948 408.0888 354.628 340.7322 319.0715 302.3589 287.2788 261.9293 269.0788 243.2058 204.7517 228.3409 205.4476 202.535 186.3188 181.6782 195.087 187.6343 175.8575 172.7629 184.4862 184.1018 171.6872 159.7036 141.4655 142.4012 131.7845 112.8753 118.5579 111.0641 101.8289 99.015 92.659 90.09669 86.40696 85.17031 82.15311 75.69759 73.84856 73.19041 76.02057 75.42462 78.18587 83.3634 95.12027 185.048 277.6659 242.0167 283.8199 383.1178 390.7054 369.8993 460.6302 518.2068 461.079 540.8427 552.8716 481.9221 559.6268 600.4039 677.1498 801.8563 774.9033 840.5413
1104.777 835.4208 690.0601 588.806 559.4888 468.4081 417.4066 451.2423 337.127 418.1597 448.6001 298.1631 318.058 302.214 278.7923 247.2905 246.0854 253.9436 242.372 215.2035 194.407 204.3315 202.9018 178.9186 171.3539 161.2454 149.3514 162.1092 164.5636 165.7545 145.8221 141.6265 131.7974 127.9483 110.4854 107.2317 108.0112 103.8511 97.9654 94.30299 90.35426 86.2238 83.7798 80.8966 73.89821 68.76575 72.4025 74.4247 75.28284 76.9554 82.71916 96.281 152.8077 225.5037 336.5354 357.2588 327.9894 384.5574 429.4285 427.6744 428.9642 501.8206 580.2006 605.1647 630.412 539.0312 582.4586 621.189 730.5003 784.0984 730.7668
1211.266 975.5329 927.6558 824.9905 566.4147 612.816 388.2228 351.7963 322.6823 355.0375 304.9466 292.2332 312.3634 273.601 278.6593 270.0401 231.1273 229.0352 245.897 226.8885 226.8392 209.1753 217.2498 178.5567 184.1131 173.4985 164.4556 143.7567 153.8022 149.8672 137.1231 144.4566 126.6425 119.6114 110.2306 104.9295 98.26913 98.31738 94.8182 88.86584 87.61456 85.155 82.431 79.39863 73.991 72.37273 69.30939 71.19654 73.99551 75.71608 81.15878 89.98459 121.2855 249.0488 269.8938 320.8805 361.7082 381.1336 420.4432 430.8057 459.8029 452.9049 494.9706 535.4986 648.4081 644.6819 708.2677 694.8845 661.0109 744.2115 670.783
1199.549 980.7604 868.1495 779.3716 499.9573 459.3605 462.1798 456.4219 332.8482 306.928 320.6738 279.7367 290.3462 300.4522 270.1751 276.6917 228.034 207.7708 254.7238 211.7017 232.309 199.346 194.1021 187.4195 179.7316 174.267 145.7524 140.9095 149.996 139.0809 127.3995 121.2528 118.611 113.1474 114.183 107.6058 102.326 95.58531 91.15404 86.09129 84.2542 81.81686 77.975 78.463 75.415 71.1406 67.82768 72.38706 73.57791 74.39729 78.2694 89.4334 112.1632 224.8811 299.4708 344.7903 350.9643 344.6794 355.1238 429.2982 441.5107 457.2838 518.916 523.8316 516.2195 614.8629 634.4057 692.6328 747.7349 651.9333 645.3314
1084.791 991.974 776.1411 698.8135 466.8868 405.8297 417.7308 390.982 374.9489 307.9872 267.1992 253.9821 302.0989 255.5085 227.333 267.8068 215.396 208.503 251.3708 232.0686 201.4332 221.1847 220.3719 200.8976 181.433 160.062 155.2581 158.3439 146.8848 138.2441 139.5667 130.2858 122.8123 111.8926 105.5732 101.7198 98.35467 94.92673 90.411 87.22833 84.2446 81.20783 78.763 75.7174 74.191 72.67113 70.74936 67.28626 72.36534 74.75703 80.98624 88.5126 106.779 194.8243 283.1503 328.4209 322.2957 331.9528 352.9175 372.2347 442.4778 454.1898 511.42 453.5904 546.2023 602.3965 630.145 677.1115 650.0474 448.659 374.6642
917.4787 1023.942 808.9788 638.3024 415.798 394.9701 336.9377 309.1966 280.3094 265.8811 279.8489 368.8573 321.7289 262.6637 280.0942 263.1828 218.8731 221.7283 196.2002 181.4397 222.7931 202.8096 221.2075 213.1631 194.5784 180.0862 171.3921 152.6276 151.3708 152.1063 131.0513 119.8129 123.6267 117.161 109.8408 105.3237 97.97881 94.48299 91.86297 87.6078 83.95235 80.907 78.15186 74.20205 71.143 70.83799 71.03155 67.37036 71.15367 75.11255 82.427 92.7862 104.3572 134.3222 152.7947 184.2484 183.4587 227.3836 348.2564 380.0633 393.6395 431.3539 479.4153 516.2261 514.645 506.6465 600.1643 663.8552 544.97 354.397 607.3732
826.4465 856.989 809.9731 635.118 408.3277 416.9127 500.8234 409.6505 311.6818 321.5731 269.6994 327.9895 346.1171 286.7705 234.3799 237.7182 231.5713 238.1391 256.496 191.699 182.5315 180.2226 196.308 192.2157 191.2368 193.419 187.8857 191.0995 164.6028 157.0335 145.551 136.7592 126.0361 117.5481 104.4211 103.1479 99.5094 95.23399 90.64539 86.39043 83.331 78.84299 78.45703 74.1958 69.31076 69.34893 67.65949 68.72187 72.98107 76.607 80.28264 91.55673 104.019 129.4884 212.421 320.0438 249.49 248.1589 344.6484 300.7433 403.2012 415.3088 398.4943 472.178 558.8792 538.3451 660.6875 527.6179 327.6204 485.5606 641.8511
827.5576 876.5292 672.3877 562.208 422.6493 368.2271 452.4267 347.1187 330.1148 304.4668 322.0497 293.7409 272.004 293.3719 251.7654 250.3894 297.8604 215.414 212.6663 249.2656 204.2547 198.9446 168.2586 156.2178 170.9899 160.2586 157.2366 153.6064 139.4326 125.3005 126.484 121.4272 117.0482 111.8368 107.5353 102.8552 97.78619 94.6182 88.82619 86.68781 83.84332 82.1222 77.48943 69.65147 68.41119 67.88679 67.79473 68.2094 72.0486 81.82865 92.18314 100.0958 104.3587 115.515 192.7284 291.122 335.0603 353.3956 317.096 358.5924 412.9059 427.4658 470.5598 457.4057 542.3958 552.2208 520.9668 426.8642 421.5427 572.6355 699.1552
855.5812 888.8638 745.4465 542.3415 406.7976 415.1404 426.9363 352.6937 310.7537 353.4507 332.6917 315.052 296.4359 256.4859 250.9245 268.0975 341.5956 277.3531 281.2335 263.4187 238.3794 203.4551 194.8817 185.6669 148.388 149.2694 143.6545 139.9891 134.2766 128.6472 122.1213 115.2224 114.668 108.4612 102.1215 98.23739 95.22299 91.955 88.8222 83.16009 82.0534 79.9926 78.455 69.0094 68.3998 68.33473 61.69853 74.19043 77.0214 85.73169 95.223 105.2718 110.5288 115.6085 167.4124 242.0131 341.7742 347.9727 381.8153 392.3396 372.4884 413.3578 473.7769 482.2578 488.5327 501.7278 382.1494 454.2078 475.3241 641.1855 700.8173
854.6011 738.3965 794.7756 519.202 465.3198 606.604 471.1494 353.8538 333.9625 318.7522 284.2282 282.7143 282.068 255.7316 251.3495 252.7264 287.8584 275.5801 266.2089 249.4992 230.7914 222.0825 187.6798 194.7523 182.6331 162.3958 159.9659 162.0755 151.3759 144.6062 134.848 125.8 122.7718 113.023 110.9372 102.5678 99.71885 92.49197 89.79793 85.78326 81.81779 78.16302 74.811 72.059 68.70338 67.29098 60.171 76.5422 83.02621 93.08087 101.9246 108.3336 115.6454 121.4449 160.4785 252.5584 304.9573 368.5738 388.6163 408.9306 372.3892 415.7672 456.6244 421.2224 342.748 290.8003 406.5799 507.5275 541.8008 630.4021 767.1031
739.5677 601.5715 722.3262 610.1163 446.5344 401.1887 398.0681 334.6962 334.1677 300.109 293.2948 257.6216 256.7687 255.5268 221.6907 235.8868 261.9817 246.442 249.2263 215.3237 221.0508 222.0216 187.7215 173.7412 173.2697 161.5164 142.4597 149.2058 136.7589 125.98 134.0579 129.7981 122.4517 113.7006 107.5111 101.941 96.7422 93.35735 86.703 84.559 81.19659 78.46674 75.49113 69.6238 67.2206 64.87616 70.84892 75.42458 86.9942 94.9142 101.3113 112.4242 121.2662 128.6566 150.5995 230.2239 334.442 355.5009 387.5684 333.6811 241.5987 285.2979 314.6237 377.5014 375.8943 489.2358 528.0782 624.6516 620.779 620.6193 673.5909
909.5927 702.9336 510.0815 463.6852 452.5374 435.9915 366.8738 343.5384 334.5135 319.0532 256.6816 269.6047 237.6302 240.2215 211.9158 238.7903 244.2586 252.5169 236.785 237.7045 224.7643 206.1404 192.6317 176.7336 164.2086 164.8022 144.5347 138.5282 126.928 122.202 114.6977 110.4895 117.7529 106.9391 105.0154 99.80706 92.7542 90.64619 86.0886 83.0302 80.2622 76.29279 70.84613 67.49006 65.68449 62.907 70.88 78.2798 87.90608 94.92342 104.9726 113.2057 114.1172 134.8824 154.4179 218.5006 248.1847 184.967 245.0578 336.943 406.3952 443.6886 421.9645 437.2851 512.1498 556.7275 500.6203 570.8573 524.8473 461.215 552.063
